prediction,actual,diff,predSCore,actScore
1980,2009,29,0.0,0.0
1997,1993,4,12.679700005769249,0.0
1980,1984,4,0.0,0.0
2000,1985,15,156.28360096886848,0.0
2010,2013,3,12.965784284662087,0.0
2007,2014,7,23.722949350251547,0.0
2007,2013,6,23.722949350251547,0.0
2007,2013,6,23.722949350251547,0.0
2007,2013,6,23.722949350251547,0.0
2007,2014,7,23.722949350251547,0.0
1980,1980,0,0.0,0.0
2011,2015,4,25.359400011538497,0.0
1991,1999,8,14.573942985382718,0.0
1980,2000,20,0.0,0.0
2011,1996,15,16.37829485591189,0.0
2001,2004,3,43.67545294909838,0.0
1980,1983,3,0.0,0.0
1980,2001,21,0.0,0.0
1980,2013,33,0.0,0.0
1988,2014,26,26.856982070664493,0.0
1980,2013,33,0.0,0.0
1997,2002,5,10.4189067312579,4.0
1980,1982,2,0.0,0.0
1980,1985,5,0.0,0.0
1980,1995,15,0.0,0.0
1992,1987,5,4.523561956057013,0.0
1980,1990,10,0.0,0.0
1980,1991,11,0.0,0.0
1980,1986,6,0.0,0.0
1999,1999,0,15.229419688230415,15.229419688230415
2002,2000,2,75.48385545896966,0.0
2002,1986,16,4.321928094887363,0.0
1980,1987,7,0.0,0.0
1999,1993,6,13.837726474549191,0.0
1980,1987,7,0.0,0.0
1980,1987,7,0.0,0.0
1980,2010,30,0.0,0.0
1980,1991,11,0.0,0.0
1984,1989,5,14.339850002884626,0.0
1980,2011,31,0.0,0.0
1980,1980,0,0.0,0.0
1980,1983,3,0.0,0.0
1980,2012,32,0.0,0.0
1980,1994,14,0.0,0.0
1980,1994,14,0.0,0.0
1980,1982,2,0.0,0.0
1980,1984,4,0.0,0.0
2008,1983,25,13.37829485591189,0.0
2004,1994,10,4.906890595608519,0.0
1980,1988,8,0.0,0.0
1980,2003,23,0.0,0.0
1980,1984,4,0.0,0.0
2004,2006,2,23.722949350251547,0.0
1980,1999,19,0.0,0.0
1997,1987,10,62.03910001730774,0.0
1980,2007,27,0.0,0.0
1980,1989,9,0.0,0.0
1985,1982,3,11.422064766172811,0.0
1981,2014,33,22.458839376460833,0.0
1980,1999,19,0.0,0.0
2006,2014,8,20.8378134625158,8.0
1980,2005,25,0.0,0.0
1994,2005,11,17.569269691115043,0.0
1991,2007,16,11.720671786825557,0.0
1980,2009,29,0.0,0.0
1980,1996,16,0.0,0.0
1980,1988,8,6.339850002884624,0.0
1997,1984,13,16.0,0.0
1999,2004,5,29.603517745128737,0.0
1998,1994,4,10.339850002884624,0.0
1997,1999,2,6.357552004618084,0.0
1980,1989,9,0.0,0.0
2013,2003,10,14.339850002884626,0.0
2000,2014,14,15.62836009688685,0.0
1997,1995,2,29.603517745128737,0.0
1980,1997,17,0.0,0.0
1993,1992,1,15.62836009688685,0.0
2014,2014,0,35.58442402537732,35.58442402537732
2000,2012,12,13.570685868171037,0.0
1999,2007,8,205.59716579111054,0.0
1980,1985,5,0.0,0.0
1988,2010,22,12.509775004326936,0.0
1980,2009,29,0.0,0.0
1996,2003,7,10.754887502163468,0.0
1980,1989,9,0.0,0.0
1980,1999,19,0.0,0.0
1980,1986,6,0.0,0.0
1994,1991,3,19.627562382434075,0.0
1983,1998,15,5.247927513443585,0.0
2004,2009,5,34.04260269947392,13.837726474549191
1995,2003,8,11.109177703355275,0.0
1980,2008,28,0.0,0.0
1989,1997,8,31.134884567735675,0.0
2004,1999,5,16.67970000576925,0.0
1980,1997,17,0.0,0.0
2009,1996,13,13.754887502163466,0.0
2009,2011,2,10.339850002884624,0.0
1980,2012,32,0.0,0.0
2004,2012,8,14.801758872564369,0.0
2011,2011,0,16.67970000576925,16.67970000576925
1994,1997,3,13.789635526615886,0.0
1986,2002,16,12.679700005769249,0.0
2011,2008,3,8.103287808412022,7.754887502163467
1985,2008,23,25.931568569324174,7.754887502163467
1998,2014,16,15.229419688230415,0.0
1980,1988,8,0.0,0.0
1980,1982,2,0.0,0.0
1980,2004,24,0.0,0.0
1993,1981,12,4.0,0.0
1986,1984,2,236.66961469045054,0.0
2006,2004,2,19.229419688230415,8.999999999999998
1980,1993,13,0.0,0.0
2005,2007,2,80.13942440748471,0.0
1980,1991,11,0.0,0.0
1980,1991,11,0.0,0.0
1980,1992,12,0.0,0.0
1980,1986,6,0.0,0.0
1980,1990,10,0.0,0.0
1980,1984,4,0.0,0.0
1980,1984,4,0.0,0.0
2011,1995,16,4.0,0.0
2008,1990,18,15.262388523751017,0.0
1980,1986,6,0.0,0.0
2007,1981,26,5.584962500721156,0.0
1980,2008,28,0.0,0.0
1997,1986,11,5.129283016944966,0.0
1997,1986,11,5.129283016944966,0.0
1980,2011,31,0.0,0.0
1980,1981,1,0.0,0.0
1980,2002,22,0.0,0.0
1983,1990,7,13.837726474549191,0.0
1980,1984,4,0.0,0.0
1980,2010,30,0.0,0.0
2002,1998,4,25.48756508066151,0.0
1980,1989,9,0.0,0.0
1980,2001,21,0.0,0.0
1980,1986,6,0.0,0.0
1980,1982,2,0.0,0.0
2013,1980,33,17.569269691115043,0.0
1980,1986,6,0.0,0.0
2010,2008,2,31.541209043760986,23.8167852415475
1980,2002,22,0.0,0.0
1980,2002,22,0.0,0.0
1980,1999,19,0.0,0.0
1980,1982,2,0.0,0.0
2006,1988,18,9.813781191217037,0.0
2006,1988,18,9.813781191217037,0.0
1980,1982,2,0.0,0.0
2008,2006,2,11.422064766172811,0.0
2004,2000,4,139.58797503894243,0.0
1980,2005,25,0.0,0.0
1980,1998,18,0.0,0.0
1980,1989,9,0.0,0.0
1980,2014,34,0.0,0.0
1980,1998,18,0.0,0.0
1980,1996,16,0.0,0.0
1980,2002,22,0.0,0.0
1980,2012,32,0.0,0.0
1980,1985,5,0.0,0.0
1992,1993,1,10.339850002884624,0.0
1998,2012,14,15.229419688230415,0.0
2012,1981,31,9.813781191217037,0.0
1991,2002,11,14.339850002884626,0.0
1998,1988,10,5.426264754702098,0.0
1990,2010,20,14.801758872564369,0.0
1980,1993,13,0.0,0.0
1980,2001,21,0.0,0.0
2002,1997,5,15.856206656586743,10.339850002884624
2007,2000,7,9.047123912114026,0.0
1987,1982,5,13.287712379549449,0.0
2015,2014,1,21.14160887544899,0.0
2009,2006,3,16.67970000576925,0.0
1980,2009,29,0.0,0.0
1980,1982,2,0.0,0.0
1980,2000,20,0.0,0.0
1986,2004,18,8.784634845557521,0.0
1980,2010,30,0.0,0.0
1980,1992,12,0.0,0.0
1984,1990,6,11.229419688230417,0.0
1980,2005,25,0.0,0.0
2006,2003,3,19.229419688230415,0.0
2005,1994,11,76.43204266092216,0.0
1980,1992,12,0.0,0.0
1980,2008,28,0.0,0.0
1980,2003,23,0.0,0.0
1985,1986,1,38.039100017307746,0.0
1989,2002,13,18.983706192659348,0.0
1980,1998,18,0.0,0.0
1980,2014,34,0.0,0.0
2000,2012,12,62.039100017307746,0.0
1999,1984,15,53.99999999999999,0.0
2001,1983,18,9.28771237954945,0.0
1983,2014,31,32.69970273000271,0.0
1980,1983,3,0.0,0.0
1980,1989,9,0.0,0.0
1993,1983,10,11.422064766172811,0.0
1980,2001,21,0.0,0.0
1980,1983,3,0.0,0.0
1983,1985,2,26.239637567217926,0.0
1980,1982,2,0.0,0.0
1996,1991,5,18.094247824228052,0.0
1980,1991,11,0.0,0.0
2010,2005,5,30.0,0.0
2015,2015,0,63.42482662634697,63.42482662634697
1980,1993,13,0.0,0.0
1980,2001,21,0.0,0.0
1980,1992,12,0.0,0.0
1980,1984,4,0.0,0.0
1988,1980,8,14.422064766172811,0.0
1980,1981,1,0.0,0.0
2009,1981,28,5.906890595608519,0.0
1992,1992,0,4.523561956057013,4.523561956057013
2003,2010,7,9.28771237954945,0.0
1980,1981,1,0.0,0.0
1983,2009,26,14.801758872564369,13.570685868171037
1996,2014,18,4.169925001442312,0.0
2002,2002,0,6.339850002884624,6.339850002884624
2004,1996,8,32.85665227410553,0.0
1980,2006,26,0.0,0.0
1980,2009,29,0.0,0.0
1995,1997,2,38.202621916791585,0.0
2009,1983,26,16.754887502163466,0.0
1982,1986,4,13.287712379549449,0.0
1980,2001,21,0.0,0.0
1990,1995,5,11.101319154423274,0.0
1980,2015,35,0.0,0.0
2003,2003,0,97.14115806147322,97.14115806147322
1994,2010,16,20.67970000576925,0.0
1980,2005,25,12.679700005769249,0.0
1980,2010,30,0.0,0.0
1980,1984,4,0.0,0.0
1980,1981,1,0.0,0.0
1980,2013,33,12.679700005769249,0.0
1980,2002,22,0.0,0.0
1980,1985,5,0.0,0.0
1980,1992,12,0.0,0.0
1980,1993,13,0.0,0.0
1980,2014,34,0.0,0.0
1993,2010,17,12.0,0.0
1980,2008,28,0.0,0.0
2007,2012,5,10.784634845557521,0.0
1989,1990,1,15.627562382434075,0.0
2007,2013,6,9.509775004326936,0.0
1991,1997,6,12.0,0.0
2005,1997,8,15.0,0.0
2005,1986,19,15.0,0.0
1980,2015,35,48.0,0.0
2003,2015,12,17.83772647454919,0.0
2010,2004,6,30.803510759211278,0.0
1980,1988,8,0.0,0.0
1994,1994,0,10.339850002884624,10.339850002884624
1980,2001,21,0.0,0.0
1980,1997,17,0.0,0.0
1993,2013,20,17.83772647454919,0.0
1986,1998,12,12.0,0.0
1980,1990,10,0.0,0.0
2012,2010,2,12.509775004326936,0.0
1980,2003,23,0.0,0.0
1980,1999,19,0.0,0.0
1980,1985,5,0.0,0.0
1980,1986,6,0.0,0.0
2012,1991,21,10.174925682500678,0.0
1980,1994,14,14.339850002884626,0.0
1980,1990,10,0.0,0.0
1980,1997,17,0.0,0.0
1980,1992,12,0.0,0.0
1985,2013,28,12.679700005769249,0.0
1980,2008,28,0.0,0.0
1980,1987,7,0.0,0.0
1980,1990,10,0.0,0.0
1980,2005,25,0.0,0.0
2010,2013,3,16.349851365001356,0.0
1980,2002,22,0.0,0.0
1980,1998,18,0.0,0.0
1980,1983,3,0.0,0.0
1986,1990,4,13.287712379549449,0.0
2012,1998,14,16.278794264106292,0.0
1980,1999,19,0.0,0.0
1980,1980,0,0.0,0.0
1980,1983,3,0.0,0.0
1980,1980,0,0.0,0.0
1980,2014,34,0.0,0.0
2006,2011,5,49.85921116905564,0.0
1980,1984,4,0.0,0.0
1980,1990,10,0.0,0.0
1980,2001,21,0.0,0.0
1980,1982,2,0.0,0.0
1980,1980,0,0.0,0.0
1980,1980,0,0.0,0.0
1980,1983,3,0.0,0.0
1980,1989,9,0.0,0.0
1998,1985,13,11.61470984411521,0.0
2004,1999,5,15.965784284662085,0.0
2008,2008,0,3.8073549220576037,3.8073549220576037
2008,2008,0,3.8073549220576037,3.8073549220576037
2008,2008,0,3.8073549220576037,3.8073549220576037
1980,1990,10,0.0,0.0
1998,1999,1,9.28771237954945,0.0
1980,2013,33,0.0,0.0
1980,1993,13,0.0,0.0
2002,2009,7,45.688259064691245,0.0
1980,1986,6,0.0,0.0
1980,1991,11,0.0,0.0
2005,1998,7,13.287712379549449,0.0
1980,2010,30,0.0,0.0
1980,2000,20,0.0,0.0
1980,1996,16,0.0,0.0
1984,1986,2,26.575424759098897,0.0
1980,2003,23,0.0,0.0
2013,2010,3,789.6151041275574,0.0
1980,1983,3,0.0,0.0
1980,1991,11,0.0,0.0
1998,1989,9,16.0,0.0
1980,1983,3,0.0,0.0
1980,1981,1,0.0,0.0
1980,1984,4,15.229419688230415,0.0
1980,1983,3,0.0,0.0
1980,1991,11,0.0,0.0
2003,2002,1,15.0,0.0
2007,2011,4,5.087462841250339,0.0
2008,2008,0,8.174925682500678,8.174925682500678
1980,1983,3,0.0,0.0
2007,1983,24,5.523561956057013,0.0
2000,2005,5,15.229419688230415,0.0
1980,1999,19,0.0,0.0
1980,1990,10,0.0,0.0
1980,1984,4,0.0,0.0
1980,1984,4,0.0,0.0
1980,1997,17,0.0,0.0
1980,1987,7,0.0,0.0
1980,2012,32,0.0,0.0
1980,1985,5,0.0,0.0
1992,1988,4,13.931568569324176,0.0
1980,2009,29,0.0,0.0
2012,2008,4,19.627562382434075,0.0
1980,2009,29,0.0,0.0
1980,1990,10,0.0,0.0
1993,1993,0,18.801758872564367,18.801758872564367
1993,1993,0,18.801758872564367,18.801758872564367
1980,1987,7,0.0,0.0
1980,1994,14,0.0,0.0
1980,1994,14,0.0,0.0
1980,1990,10,0.0,0.0
1993,1996,3,331.41371736342086,0.0
1980,1994,14,0.0,0.0
1980,1988,8,0.0,0.0
1980,1982,2,0.0,0.0
1980,2002,22,0.0,0.0
2003,2006,3,15.229419688230415,0.0
1980,1983,3,0.0,0.0
1980,1992,12,0.0,0.0
1990,1998,8,29.603517745128737,0.0
2002,2011,9,8.784634845557521,0.0
1980,1992,12,0.0,0.0
1980,2014,34,0.0,0.0
1980,1986,6,0.0,0.0
1980,2000,20,0.0,0.0
1980,1994,14,0.0,0.0
1980,1981,1,0.0,0.0
2007,1985,22,5.392317422778761,0.0
1980,2005,25,0.0,0.0
1980,2008,28,0.0,0.0
1998,2002,4,12.679700005769249,0.0
1984,1982,2,16.349851365001356,0.0
1980,2010,30,0.0,0.0
1995,2014,19,11.229419688230417,0.0
2008,2003,5,30.524777047502035,0.0
1999,1982,17,16.349851365001356,0.0
2015,2000,15,76.07820003461549,0.0
2000,2009,9,11.34485068394299,0.0
1983,2004,21,16.349851365001356,0.0
1982,1986,4,12.0,0.0
1980,1999,19,0.0,0.0
1980,2014,34,0.0,0.0
2002,1980,22,15.856206656586743,0.0
2008,1984,24,16.0,11.229419688230417
2015,2014,1,167.17882283189007,0.0
1980,1982,2,0.0,0.0
1980,1994,14,0.0,0.0
1981,1990,9,12.0,0.0
1980,1980,0,0.0,0.0
1980,1985,5,0.0,0.0
1980,1988,8,0.0,0.0
1980,2003,23,0.0,0.0
1980,1993,13,0.0,0.0
1980,1985,5,0.0,0.0
1980,1999,19,29.603517745128737,0.0
2001,2001,0,19.431923980510287,19.431923980510287
1994,1992,2,29.603517745128737,0.0
1980,2012,32,0.0,0.0
1980,1989,9,0.0,0.0
1993,1982,11,15.229419688230415,0.0
1980,1989,9,16.0,0.0
2012,1999,13,12.509775004326936,0.0
1980,1981,1,0.0,0.0
1980,1980,0,0.0,0.0
1980,1989,9,0.0,0.0
1980,2001,21,0.0,0.0
1980,1987,7,0.0,0.0
1980,2010,30,0.0,0.0
1994,1985,9,75.0,0.0
2002,2014,12,8.784634845557521,0.0
1980,2014,34,0.0,0.0
2004,1993,11,14.339850002884626,0.0
2008,2007,1,13.754887502163466,0.0
1980,1980,0,0.0,0.0
1980,1990,10,0.0,0.0
1985,2000,15,15.627562382434075,0.0
1980,1988,8,0.0,0.0
1980,1986,6,0.0,0.0
1980,1994,14,0.0,0.0
1980,1980,0,0.0,0.0
1980,1988,8,0.0,0.0
1980,1993,13,0.0,0.0
1996,1982,14,29.725177862321246,0.0
1980,1980,0,0.0,0.0
1988,2015,27,14.801758872564369,0.0
1980,1982,2,0.0,0.0
1980,1988,8,0.0,0.0
1980,1995,15,0.0,0.0
1980,1994,14,0.0,0.0
1980,1980,0,0.0,0.0
1980,1982,2,0.0,0.0
2004,1999,5,17.569269691115043,0.0
1980,1996,16,0.0,0.0
2006,2002,4,13.754887502163466,0.0
1980,1994,14,0.0,0.0
1980,1992,12,0.0,0.0
2001,1999,2,13.570685868171037,0.0
1982,2005,23,12.262388523751017,0.0
1984,2012,28,12.0,0.0
1980,1988,8,0.0,0.0
2003,1990,13,4.0,0.0
1992,1991,1,11.101319154423274,0.0
1980,2010,30,0.0,0.0
2001,1994,7,8.0,0.0
1980,2007,27,0.0,0.0
1980,1999,19,0.0,0.0
1980,2013,33,0.0,0.0
1980,2007,27,0.0,0.0
1995,2013,18,13.287712379549449,0.0
2009,1981,28,33.50977500432693,0.0
1997,1998,1,14.339850002884626,0.0
1980,1984,4,0.0,0.0
1980,2004,24,0.0,0.0
1980,2011,31,0.0,0.0
1980,2003,23,0.0,0.0
1980,1998,18,0.0,0.0
1980,1988,8,0.0,0.0
1980,1998,18,0.0,0.0
1998,2001,3,15.965784284662085,0.0
1983,1989,6,10.754887502163468,0.0
1997,1991,6,11.229419688230417,0.0
1980,2001,21,0.0,0.0
1980,1981,1,0.0,0.0
2000,2005,5,6.266786540694901,0.0
1984,1995,11,16.349851365001356,0.0
1980,1989,9,0.0,0.0
1980,2012,32,0.0,0.0
1991,2010,19,10.339850002884624,0.0
1980,1987,7,0.0,0.0
1980,1996,16,0.0,0.0
1980,2001,21,0.0,0.0
1980,1980,0,0.0,0.0
1980,1995,15,0.0,0.0
1992,2012,20,11.101319154423274,0.0
1992,2012,20,11.101319154423274,0.0
2007,2011,4,15.229419688230415,0.0
1980,1998,18,0.0,0.0
1980,1987,7,0.0,0.0
1988,1994,6,38.039100017307746,0.0
2002,1982,20,14.801758872564369,0.0
1982,1981,1,16.0,0.0
1980,1980,0,0.0,0.0
2008,2000,8,58.75488750216347,0.0
1983,2001,18,15.229419688230415,0.0
1988,2014,26,3.0,0.0
2005,1984,21,37.1508495181978,0.0
1980,1983,3,0.0,0.0
1980,1998,18,0.0,0.0
1998,1997,1,14.862588931160623,0.0
1998,1997,1,14.862588931160623,0.0
1980,2013,33,0.0,0.0
2000,1994,6,10.4189067312579,0.0
1991,2005,14,17.28771237954945,0.0
2003,2005,2,25.48756508066151,0.0
1980,1985,5,0.0,0.0
2006,2015,9,17.569269691115043,0.0
1982,2007,25,67.7262742772967,31.93156856932417
1980,2015,35,0.0,0.0
1993,1990,3,11.61470984411521,0.0
1980,2005,25,0.0,0.0
1980,1980,0,0.0,0.0
1980,2002,22,0.0,0.0
1980,1995,15,0.0,0.0
1980,2011,31,0.0,0.0
1980,2010,30,0.0,0.0
1980,1991,11,0.0,0.0
1990,2003,13,13.837726474549191,0.0
2010,2009,1,19.019550008653873,0.0
1980,1988,8,0.0,0.0
1980,1985,5,0.0,0.0
1980,1989,9,0.0,0.0
1980,2007,27,0.0,0.0
1980,2014,34,0.0,0.0
1980,2005,25,0.0,0.0
1982,1992,10,16.0,0.0
1980,1992,12,0.0,0.0
1980,2013,33,0.0,0.0
1980,1984,4,0.0,0.0
1997,1994,3,13.837726474549191,0.0
1998,2005,7,18.339850002884624,5.807354922057605
1980,1993,13,0.0,0.0
2004,2004,0,6.781359713524659,6.781359713524659
1980,1983,3,0.0,0.0
1980,1986,6,0.0,0.0
1980,1982,2,0.0,0.0
1984,1982,2,5.129283016944966,0.0
2003,1980,23,14.101319154423276,0.0
1980,2001,21,0.0,0.0
1980,1983,3,0.0,0.0
1980,1988,8,0.0,0.0
1980,1990,10,0.0,0.0
1991,1992,1,31.25512476486815,0.0
2003,1994,9,5.247927513443585,0.0
1980,1999,19,0.0,0.0
1980,1999,19,0.0,0.0
1980,1987,7,0.0,0.0
1980,2000,20,0.0,0.0
1980,2000,20,0.0,0.0
1980,1995,15,0.0,0.0
1980,2000,20,0.0,0.0
1980,1981,1,0.0,0.0
1997,1994,3,17.83772647454919,0.0
1980,1987,7,0.0,0.0
1994,2012,18,5.807354922057605,0.0
1980,1989,9,0.0,0.0
1980,1980,0,0.0,0.0
2006,1983,23,17.28771237954945,0.0
2012,1993,19,17.569269691115043,15.627562382434075
2007,1999,8,344.47395902256466,0.0
1980,2005,25,0.0,0.0
2005,2015,10,15.509775004326935,0.0
1982,2010,28,8.0,0.0
1980,1989,9,0.0,0.0
1980,1987,7,0.0,0.0
1996,1993,3,21.84097149743071,0.0
1980,1996,16,0.0,0.0
1993,2004,11,47.56861996976023,0.0
1980,1984,4,0.0,0.0
1984,1981,3,28.679700005769252,13.570685868171037
1992,2011,19,11.229419688230417,0.0
2014,1994,20,60.0,0.0
2006,1997,9,12.0,0.0
1980,1987,7,0.0,0.0
2008,2013,5,10.563196272216738,0.0
2008,2013,5,10.563196272216738,0.0
1989,2015,26,12.743782540330756,0.0
1980,1986,6,0.0,0.0
1995,1983,12,20.67970000576925,0.0
2011,2001,10,5.523561956057013,0.0
2000,2003,3,13.640357924830374,0.0
2007,1993,14,6.643856189774724,0.0
1980,2006,26,0.0,0.0
1980,1993,13,0.0,0.0
2010,1988,22,15.229419688230415,0.0
1980,1990,10,0.0,0.0
2014,2010,4,15.229419688230415,0.0
1980,1980,0,0.0,0.0
1992,2005,13,224.5883937646084,0.0
1994,2000,6,14.801758872564369,0.0
2011,2011,0,12.852529509404196,12.852529509404196
2004,1999,5,29.87207951805807,0.0
2004,2014,10,69.00340329156855,0.0
1980,2012,32,0.0,0.0
2003,2004,1,79.31236668704408,0.0
1980,1987,7,0.0,0.0
2013,2012,1,12.679700005769249,0.0
2013,1995,18,17.569269691115043,0.0
1980,1990,10,0.0,0.0
2003,2014,11,12.509775004326936,0.0
2002,2011,9,16.67970000576925,0.0
2004,1984,20,14.339850002884626,0.0
1990,1990,0,12.0,12.0
1988,1997,9,3.4594316186372978,0.0
2010,2011,1,12.750078862693849,0.0
1995,1997,2,13.287712379549449,0.0
1980,1997,17,0.0,0.0
1980,2014,34,0.0,0.0
2002,2007,5,8.475733430966399,0.0
1980,1989,9,0.0,0.0
1980,2009,29,0.0,0.0
1980,1986,6,0.0,0.0
1980,1994,14,0.0,0.0
1980,2001,21,0.0,0.0
1980,1982,2,0.0,0.0
1980,1982,2,0.0,0.0
2011,1996,15,63.95482749487086,0.0
1980,1985,5,0.0,0.0
1996,2009,13,16.19844504145236,0.0
2008,2015,7,35.941613538342956,0.0
1980,1988,8,0.0,0.0
2009,1987,22,39.530856805008845,0.0
1980,1989,9,0.0,0.0
1980,2000,20,0.0,0.0
1980,2006,26,0.0,0.0
2010,2005,5,6.266786540694901,0.0
2008,2014,6,10.754887502163468,0.0
2005,2010,5,13.287712379549449,0.0
1980,2008,28,0.0,0.0
1980,1983,3,0.0,0.0
1980,1985,5,0.0,0.0
1980,2014,34,0.0,0.0
1980,1987,7,0.0,0.0
1982,2013,31,33.68825906469125,0.0
1980,1986,6,0.0,0.0
1980,2008,28,0.0,0.0
1980,2003,23,0.0,0.0
2013,2009,4,22.84913532639152,0.0
1980,2003,23,0.0,0.0
2002,2010,8,14.101319154423276,0.0
2002,2001,1,14.101319154423276,0.0
1980,1993,13,0.0,0.0
1980,2007,27,0.0,0.0
1980,1994,14,0.0,0.0
2004,2007,3,11.720671786825557,0.0
1980,1995,15,0.0,0.0
1980,2002,22,0.0,0.0
1980,2011,31,0.0,0.0
1980,2005,25,0.0,0.0
1996,1999,3,45.82336363650558,0.0
1998,2013,15,15.229419688230415,0.0
1980,1992,12,0.0,0.0
2012,2001,11,16.278794264106292,0.0
1980,1990,10,0.0,0.0
1980,1994,14,0.0,0.0
1980,1998,18,0.0,0.0
1980,2005,25,0.0,0.0
1980,2007,27,0.0,0.0
1980,2007,27,0.0,0.0
1980,1988,8,0.0,0.0
2009,1994,15,13.176952268336281,0.0
1980,1996,16,0.0,0.0
2001,2007,6,8.49585502688717,5.169925001442312
1980,1993,13,0.0,0.0
2010,2010,0,340.7049556394951,340.7049556394951
2010,2010,0,340.7049556394951,340.7049556394951
1993,1988,5,4.0,0.0
2002,1995,7,15.229419688230415,0.0
1990,1998,8,16.0,9.28771237954945
1990,1998,8,16.0,9.28771237954945
1990,1998,8,16.0,9.28771237954945
1980,2000,20,0.0,0.0
1980,2006,26,0.0,0.0
1998,2003,5,11.720671786825557,0.0
2012,2012,0,21.13318235807536,21.13318235807536
2010,2007,3,43.266194298518435,0.0
1980,1995,15,0.0,0.0
1980,1994,14,0.0,0.0
1980,1995,15,0.0,0.0
1980,2015,35,0.0,0.0
1980,2012,32,0.0,0.0
1980,2005,25,0.0,0.0
1980,1981,1,0.0,0.0
1980,1999,19,0.0,0.0
1993,1995,2,15.229419688230415,0.0
1980,2015,35,0.0,0.0
2003,1984,19,9.90839262077375,0.0
2003,2014,11,4.321928094887363,0.0
1980,2005,25,0.0,0.0
1980,2013,33,0.0,0.0
1984,2000,16,15.229419688230415,0.0
2004,2013,9,19.725274715117585,15.965784284662085
1986,2014,28,11.229419688230417,0.0
2003,2009,6,10.339850002884624,0.0
2009,2006,3,22.87426810309831,0.0
1996,1995,1,11.56271942704932,0.0
2011,2009,2,15.62836009688685,0.0
2012,2011,1,11.90839262077375,5.727920454563199
2000,2014,14,12.679700005769249,0.0
1980,2000,20,0.0,0.0
2008,2000,8,5.392317422778761,0.0
1980,2005,25,0.0,0.0
1980,2013,33,0.0,0.0
2014,2011,3,14.101319154423276,0.0
1980,2007,27,0.0,0.0
2003,1987,16,16.99171005377434,0.0
2003,1983,20,5.523561956057013,0.0
1980,1981,1,0.0,0.0
2015,2008,7,12.679700005769249,0.0
1985,1984,1,11.101319154423274,0.0
2001,1988,13,8.49585502688717,0.0
1980,2005,25,0.0,0.0
1995,1999,4,17.83772647454919,0.0
1996,2013,17,11.665780028329484,0.0
1980,2008,28,0.0,0.0
1980,2005,25,0.0,0.0
1980,1980,0,0.0,0.0
1980,2000,20,0.0,0.0
1980,2007,27,0.0,0.0
1980,1993,13,0.0,0.0
2008,2011,3,21.126392544433475,0.0
1980,2000,20,0.0,0.0
2004,2005,1,20.344079140573978,0.0
2011,2013,2,16.206575616824043,0.0
2009,2003,6,280.73549220576047,0.0
1980,1980,0,0.0,0.0
2000,2004,4,25.067146162779604,0.0
1999,1997,2,22.844129532345622,0.0
1980,2000,20,0.0,0.0
1980,1982,2,0.0,0.0
1980,2007,27,37.60351774512874,0.0
2010,2009,1,4.169925001442312,0.0
1995,1983,12,6.339850002884624,0.0
1980,1987,7,0.0,0.0
1996,2000,4,29.725177862321246,0.0
2002,1995,7,13.373001054366435,0.0
2002,1995,7,13.373001054366435,0.0
2011,2003,8,6.9188632372745955,0.0
2001,2007,6,6.584962500721156,0.0
1983,1987,4,15.627562382434075,0.0
1980,2003,23,0.0,0.0
1980,2003,23,0.0,0.0
1980,1980,0,0.0,0.0
1980,2008,28,0.0,0.0
1980,1983,3,0.0,0.0
2015,2010,5,78.30169903639559,0.0
2015,2010,5,69.01398665684614,0.0
2003,1999,4,18.5754247590989,0.0
2002,2011,9,12.258566033889933,0.0
2001,1996,5,18.094247824228052,0.0
2002,2014,12,11.229419688230417,0.0
1980,2012,32,0.0,0.0
2010,2009,1,15.627562382434075,12.509775004326936
2014,2012,2,13.570685868171037,0.0
2013,1989,24,16.931568569324174,0.0
1986,1997,11,4.857980995127572,0.0
2001,2013,12,9.047123912114026,0.0
1980,1998,18,0.0,0.0
1980,1991,11,0.0,0.0
1994,1996,2,13.837726474549191,0.0
1980,1994,14,0.0,0.0
1991,2001,10,13.837726474549191,0.0
1980,1988,8,0.0,0.0
1980,2011,31,0.0,0.0
1980,1999,19,0.0,0.0
2005,1985,20,14.339850002884626,0.0
1980,1990,10,0.0,0.0
2012,2006,6,5.044394119358453,0.0
1983,1998,15,19.627562382434075,0.0
1980,1991,11,0.0,0.0
2004,1990,14,11.56271942704932,0.0
1985,2014,29,12.0,0.0
1980,2011,31,0.0,0.0
2010,2012,2,74.30169903639559,0.0
2010,2012,2,18.5754247590989,0.0
2009,2010,1,36.67970000576925,0.0
1980,2014,34,0.0,0.0
2001,2009,8,22.094247824228052,0.0
1994,1983,11,4.392317422778761,0.0
1980,1989,9,0.0,0.0
1990,2014,24,11.229419688230417,0.0
2003,1990,13,9.28771237954945,0.0
1985,2008,23,14.801758872564369,0.0
1980,2005,25,0.0,0.0
1980,1995,15,0.0,0.0
1980,1995,15,0.0,0.0
2000,2002,2,12.0,0.0
2009,1981,28,25.019550008653873,0.0
2012,2015,3,20.0,0.0
1980,1994,14,0.0,0.0
1997,1999,2,23.441343573651114,0.0
1980,1997,17,0.0,0.0
1990,2011,21,16.67970000576925,0.0
1980,2012,32,0.0,0.0
1980,2003,23,0.0,0.0
1980,1991,11,0.0,0.0
1980,2012,32,0.0,0.0
1980,1996,16,0.0,0.0
1980,2000,20,0.0,0.0
prediction,actual,diff,predSCore,actScore
1980,2009,29,0.0,0.0
1993,1993,0,9.047123912114026,9.047123912114026
1980,1984,4,0.0,0.0
2011,1985,26,8.422064766172811,0.0
2006,2013,7,16.349851365001356,0.0
2005,2014,9,13.078317622216062,0.0
1980,2013,33,0.0,0.0
2010,2013,3,17.57394298538272,0.0
1980,2013,33,0.0,0.0
1982,2014,32,8.339850002884624,0.0
1980,1980,0,0.0,0.0
1980,2015,35,0.0,0.0
1980,1999,19,0.0,0.0
2002,2000,2,33.68825906469125,0.0
1980,1996,16,0.0,0.0
1980,2004,24,0.0,0.0
1980,1983,3,0.0,0.0
1981,2001,20,13.837726474549191,0.0
1980,2013,33,0.0,0.0
1980,2014,34,0.0,0.0
1980,2013,33,0.0,0.0
1980,2002,22,0.0,0.0
1980,1982,2,0.0,0.0
2000,1985,15,14.101319154423276,0.0
1984,1995,11,13.287712379549449,0.0
2000,1987,13,64.0,0.0
1999,1990,9,13.287712379549449,0.0
1994,1991,3,4.087462841250339,0.0
1980,1986,6,0.0,0.0
2005,1999,6,11.34485068394299,0.0
1980,2000,20,0.0,0.0
1983,1986,3,50.0,0.0
1997,1987,10,6.129283016944966,0.0
1997,1993,4,28.679700005769252,14.573942985382718
1997,1987,10,28.679700005769252,0.0
1980,1987,7,0.0,0.0
2008,2010,2,12.0,5.523561956057013
1980,1991,11,0.0,0.0
2014,1989,25,17.017276025914484,0.0
1980,2011,31,0.0,0.0
1980,1980,0,0.0,0.0
2011,1983,28,12.679700005769249,0.0
2014,2012,2,16.570685868171037,0.0
1993,1994,1,35.138539382230086,0.0
1980,1994,14,0.0,0.0
1999,1982,17,21.28540221886225,0.0
2000,1984,16,19.431923980510287,0.0
1980,1983,3,0.0,0.0
2011,1994,17,12.679700005769249,0.0
1984,1988,4,4.523561956057013,0.0
1991,2003,12,17.422064766172813,0.0
2004,1984,20,45.0281227459694,0.0
1990,2006,16,19.019550008653873,0.0
2013,1999,14,18.62836009688685,0.0
1995,1987,8,14.720671786825555,0.0
2003,2007,4,16.570685868171037,0.0
2004,1989,15,315.7822209046814,0.0
1980,1982,2,0.0,0.0
1980,2014,34,0.0,0.0
1980,1999,19,0.0,0.0
1980,2014,34,0.0,0.0
2009,2005,4,16.0,0.0
2008,2005,3,10.568906154502084,0.0
2010,2007,3,15.3878490508349,0.0
2010,2009,1,15.3878490508349,0.0
1980,1996,16,0.0,0.0
1980,1988,8,0.0,0.0
2012,1984,28,38.97363862538012,0.0
1990,2004,14,10.174925682500678,0.0
1980,1994,14,0.0,0.0
2007,1999,8,15.627562382434075,0.0
2009,1989,20,13.754887502163466,8.784634845557521
1980,2003,23,0.0,0.0
1980,2014,34,0.0,0.0
1980,1995,15,29.603517745128737,0.0
1996,1997,1,22.239637567217926,10.339850002884624
2009,1992,17,29.725177862321246,0.0
1980,2014,34,0.0,0.0
1980,2012,32,0.0,0.0
1989,2007,18,26.575424759098897,0.0
2000,1985,15,11.765286098723683,0.0
1980,2010,30,0.0,0.0
1980,2009,29,0.0,0.0
1980,2003,23,0.0,0.0
1980,1989,9,0.0,0.0
2010,1999,11,13.837726474549191,0.0
1987,1986,1,4.087462841250339,0.0
2012,1991,21,12.217048913556336,0.0
1980,1998,18,0.0,0.0
1980,2009,29,0.0,0.0
1983,2003,20,95.09775004326937,0.0
1980,2008,28,0.0,0.0
1980,1997,17,0.0,0.0
1980,1999,19,0.0,0.0
1980,1997,17,0.0,0.0
1980,1996,16,0.0,0.0
1996,2011,15,12.49585502688717,0.0
1980,2012,32,0.0,0.0
2005,2012,7,11.229419688230417,0.0
2011,2011,0,26.046469113691977,26.046469113691977
1980,1997,17,0.0,0.0
1980,2002,22,0.0,0.0
1995,2008,13,23.909119693999667,0.0
1993,2008,15,6.339850002884624,0.0
2014,2014,0,16.570685868171037,16.570685868171037
1980,1988,8,0.0,0.0
2009,1982,27,16.349851365001356,0.0
1980,2004,24,0.0,0.0
1987,1981,6,9.400879436282183,0.0
2010,1984,26,18.067103439085365,0.0
2006,2004,2,10.378294855911891,0.0
1999,1993,6,5.087462841250339,0.0
1980,2007,27,0.0,0.0
1980,1991,11,0.0,0.0
1980,1991,11,0.0,0.0
1992,1992,0,20.177576477433814,20.177576477433814
1980,1986,6,0.0,0.0
1991,1990,1,10.339850002884624,0.0
1999,1984,15,5.584962500721156,0.0
1980,1984,4,0.0,0.0
1980,1995,15,0.0,0.0
1980,1990,10,0.0,0.0
1986,1986,0,14.339850002884626,14.339850002884626
2011,1981,30,9.509775004326936,0.0
1980,2008,28,0.0,0.0
1980,1986,6,0.0,0.0
1980,1986,6,0.0,0.0
1988,2011,23,7.400879436282184,0.0
1998,1981,17,30.45883937646083,0.0
1985,2002,17,4.087462841250339,0.0
1998,1990,8,15.262388523751017,0.0
1993,1984,9,6.247927513443585,0.0
2010,2010,0,18.5754247590989,18.5754247590989
2014,1998,16,15.13318235807536,0.0
1980,1989,9,0.0,0.0
1980,2001,21,0.0,0.0
1980,1986,6,0.0,0.0
2006,1982,24,32.95111857797805,0.0
1980,1980,0,0.0,0.0
1980,1986,6,0.0,0.0
1986,2008,22,16.0,0.0
1980,2002,22,0.0,0.0
2004,2002,2,25.359400011538497,0.0
1980,1999,19,0.0,0.0
1980,1982,2,0.0,0.0
1980,1988,8,0.0,0.0
2003,1988,15,12.0,0.0
1994,1982,12,25.637563744550807,0.0
1980,2006,26,0.0,0.0
2013,2000,13,87.4436579122963,0.0
1998,2005,7,20.08746284125034,0.0
1998,1998,0,7.400879436282184,7.400879436282184
2010,1989,21,5.169925001442312,0.0
1980,2014,34,0.0,0.0
1980,1998,18,0.0,0.0
1980,1996,16,0.0,0.0
1994,2002,8,79.26714096619001,0.0
1980,2012,32,0.0,0.0
2003,1985,18,8.999999999999998,0.0
2006,1993,13,20.756589711823782,0.0
2006,2012,6,20.756589711823782,0.0
1996,1981,15,16.67970000576925,0.0
1980,2002,22,0.0,0.0
1980,1988,8,0.0,0.0
2003,2010,7,60.53272943230144,0.0
2011,1993,18,7.888743248898259,0.0
1980,2001,21,0.0,0.0
2006,1997,9,8.0,0.0
1980,2000,20,0.0,0.0
1988,1982,6,27.14137173634208,0.0
1980,2014,34,0.0,0.0
2002,2006,4,24.557563731547795,0.0
2015,2009,6,12.0,0.0
2004,1982,22,13.176952268336281,0.0
1999,2000,1,72.37895002019238,0.0
1999,2004,5,103.39850002884623,0.0
1980,2010,30,0.0,0.0
2004,1992,12,13.176952268336281,0.0
2013,1990,23,21.8003596220847,0.0
1980,2005,25,0.0,0.0
1980,2003,23,0.0,0.0
2005,1994,11,28.93291777106253,0.0
1980,1992,12,0.0,0.0
1980,2008,28,0.0,0.0
2001,2003,2,18.801758872564367,0.0
2001,1986,15,13.287712379549449,0.0
1980,2002,22,0.0,0.0
1986,1998,12,14.801758872564369,0.0
1980,2014,34,0.0,0.0
1980,2012,32,0.0,0.0
2012,1984,28,13.570685868171037,0.0
1980,1983,3,0.0,0.0
1980,2014,34,0.0,0.0
2005,1983,22,35.9388048805219,0.0
2009,1989,20,18.06710343908536,0.0
1980,1983,3,0.0,0.0
2005,2001,4,32.2714185722088,6.022367813028454
1995,1983,12,15.627562382434075,0.0
1980,1985,5,0.0,0.0
1980,1982,2,0.0,0.0
1980,1991,11,0.0,0.0
1980,1991,11,30.45883937646083,0.0
1980,2005,25,0.0,0.0
1980,2015,35,0.0,0.0
1996,1993,3,14.04473562605691,0.0
2009,2001,8,35.138539382230086,0.0
1989,1992,3,8.0,0.0
1980,1984,4,0.0,0.0
1997,1980,17,14.339850002884626,0.0
2004,1981,23,5.426264754702098,0.0
1980,1981,1,0.0,0.0
1980,1992,12,0.0,0.0
1980,2010,30,0.0,0.0
1997,1981,16,15.627562382434075,0.0
1980,2009,29,0.0,0.0
2000,2014,14,60.0,0.0
1980,2002,22,0.0,0.0
2004,1996,8,5.459431618637297,0.0
1980,2006,26,0.0,0.0
1980,2009,29,0.0,0.0
2015,1997,18,19.627562382434075,14.862588931160623
2001,1983,18,27.772163528077954,0.0
1980,1986,6,0.0,0.0
1980,2001,21,0.0,0.0
2008,1995,13,15.229419688230415,9.28771237954945
2003,2015,12,15.229419688230415,0.0
2002,2003,1,28.679700005769252,0.0
1980,2010,30,0.0,0.0
1980,2005,25,0.0,0.0
1980,2010,30,0.0,0.0
1980,1984,4,0.0,0.0
1980,1981,1,0.0,0.0
1980,2013,33,0.0,0.0
1980,2002,22,0.0,0.0
2005,1985,20,6.614709844115208,0.0
2002,1992,10,16.0,0.0
1998,1993,5,28.262388523751017,0.0
1980,2014,34,0.0,0.0
1980,2010,30,0.0,0.0
2001,2008,7,22.493481196986288,0.0
1980,2012,32,0.0,0.0
2012,1990,22,42.303957463269825,0.0
2012,2013,1,56.405276617693104,0.0
1980,1997,17,0.0,0.0
1991,1997,6,21.56926969111504,0.0
1980,1986,6,0.0,0.0
1980,2015,35,0.0,0.0
1980,2015,35,0.0,0.0
1992,2004,12,44.91767875292167,0.0
1980,1988,8,0.0,0.0
1986,1994,8,12.0,0.0
2005,2001,4,122.98488783780529,0.0
1994,1997,3,34.014054533787935,0.0
1999,2013,14,19.37517522079979,0.0
1980,1998,18,0.0,0.0
1982,1990,8,11.229419688230417,0.0
2012,2010,2,9.965784284662087,0.0
2010,2003,7,14.573942985382718,0.0
1980,1999,19,0.0,0.0
1980,1985,5,26.999999999999993,0.0
1980,1986,6,0.0,0.0
1980,1991,11,0.0,0.0
2007,1994,13,6.08746284125034,0.0
2000,1990,10,3.9068905956085187,0.0
1985,1997,12,9.965784284662087,0.0
1980,1992,12,0.0,0.0
2012,2013,1,18.13318235807536,0.0
2012,2008,4,18.13318235807536,0.0
1980,1987,7,0.0,0.0
1995,1990,5,59.77279923499917,0.0
1980,2005,25,0.0,0.0
1980,2013,33,0.0,0.0
1980,2002,22,0.0,0.0
1999,1998,1,10.339850002884624,0.0
2007,1983,24,36.52477704750204,0.0
1997,1990,7,6.857980995127573,0.0
1980,1998,18,0.0,0.0
1980,1999,19,0.0,0.0
1980,1980,0,0.0,0.0
1980,1983,3,0.0,0.0
1993,1980,13,11.455840909126398,0.0
2005,2014,9,100.51872726020906,0.0
2014,2011,3,35.25512476486815,6.643856189774724
2006,1984,22,11.90839262077375,0.0
1984,1990,6,44.405276617693104,11.720671786825557
1980,2001,21,0.0,0.0
1980,1982,2,0.0,0.0
2002,1980,22,106.60593781761293,0.0
1980,1980,0,0.0,0.0
1980,1983,3,0.0,0.0
1980,1989,9,0.0,0.0
1980,1985,5,0.0,0.0
1980,1999,19,0.0,0.0
1980,2008,28,0.0,0.0
2011,2008,3,4.857980995127572,0.0
2004,2008,4,43.410118037616776,0.0
1982,1990,8,13.287712379549449,0.0
1980,1999,19,0.0,0.0
1980,2013,33,0.0,0.0
1980,1993,13,0.0,0.0
1980,2009,29,0.0,0.0
1993,1986,7,72.37895002019238,0.0
2006,1991,15,9.28771237954945,0.0
1980,1998,18,0.0,0.0
1980,2010,30,0.0,0.0
1980,2000,20,0.0,0.0
2001,1996,5,13.37829485591189,0.0
1980,1986,6,0.0,0.0
2008,2003,5,18.13318235807536,0.0
2012,2010,2,26.575424759098897,0.0
1994,1983,11,13.37829485591189,0.0
1994,1991,3,13.37829485591189,0.0
2007,1989,18,14.801758872564369,0.0
1998,1983,15,122.62388523751015,0.0
1998,1981,17,122.62388523751015,0.0
1988,1984,4,44.405276617693104,0.0
1980,1983,3,0.0,0.0
1980,1991,11,0.0,0.0
2009,2002,7,49.04955409500407,0.0
1980,2011,31,0.0,0.0
2002,2008,6,9.509775004326936,0.0
1980,1983,3,0.0,0.0
2006,1983,23,11.047123912114026,0.0
1980,2005,25,0.0,0.0
2013,1999,14,199.82374477961892,0.0
1980,1990,10,0.0,0.0
1980,1984,4,0.0,0.0
1980,1984,4,0.0,0.0
1980,1997,17,0.0,0.0
2008,1987,21,17.017276025914484,0.0
1993,2012,19,18.5754247590989,0.0
1980,1985,5,0.0,0.0
1994,1988,6,5.426264754702098,0.0
2003,2009,6,4.247927513443585,0.0
2006,2008,2,139.81353752812507,21.13781230900417
2012,2009,3,12.509775004326936,0.0
1980,1990,10,0.0,0.0
1980,1993,13,0.0,0.0
1980,1993,13,0.0,0.0
1980,1987,7,0.0,0.0
2011,1994,17,12.0,0.0
1980,1994,14,0.0,0.0
1980,1990,10,0.0,0.0
2004,1996,8,20.756845399379042,5.321928094887362
1980,1994,14,0.0,0.0
1980,1988,8,0.0,0.0
2005,1982,23,8.0,0.0
2009,2002,7,13.837726474549191,0.0
1980,2006,26,0.0,0.0
1993,1983,10,13.837726474549191,0.0
1980,1992,12,0.0,0.0
2007,1998,9,33.3594000115385,0.0
1982,2011,29,16.67970000576925,0.0
1986,1992,6,15.627562382434075,0.0
1980,2014,34,0.0,0.0
1980,1986,6,0.0,0.0
1980,2000,20,0.0,0.0
1986,1994,8,27.675452949098382,0.0
1980,1981,1,0.0,0.0
2004,1985,19,24.0,0.0
1980,2005,25,0.0,0.0
1985,2008,23,14.801758872564369,0.0
1980,2002,22,13.837726474549191,0.0
2002,1982,20,34.266194298518435,0.0
1986,2010,24,11.422064766172811,0.0
2006,2014,8,10.98370619265935,0.0
2004,2003,1,13.813781191217036,0.0
1980,1982,2,0.0,0.0
2011,2000,11,14.40274562249569,0.0
1983,2009,26,267.61943334694587,0.0
1980,2004,24,0.0,0.0
1980,1986,6,0.0,0.0
1980,1999,19,0.0,0.0
2011,2014,3,17.569269691115043,0.0
1980,1980,0,0.0,0.0
1980,1984,4,0.0,0.0
1988,2014,26,16.349851365001356,0.0
1988,1982,6,16.349851365001356,0.0
1980,1994,14,0.0,0.0
1980,1990,10,0.0,0.0
1980,1980,0,0.0,0.0
1980,1985,5,0.0,0.0
2000,1988,12,15.856206656586743,0.0
1980,2003,23,0.0,0.0
2007,1993,14,15.0,0.0
1991,1985,6,16.0,0.0
1991,1999,8,11.720671786825557,0.0
1980,2001,21,0.0,0.0
1980,1992,12,0.0,0.0
1999,2012,13,10.339850002884624,0.0
1997,1989,8,4.807354922057604,0.0
2013,1982,31,19.627562382434075,0.0
1998,1989,9,15.229419688230415,0.0
2015,1999,16,50.718800023076994,0.0
1980,1981,1,0.0,0.0
1980,1980,0,0.0,0.0
1980,1989,9,0.0,0.0
1980,2001,21,0.0,0.0
1994,1987,7,9.90839262077375,0.0
1981,2010,29,23.441343573651114,0.0
1992,1985,7,15.262388523751017,0.0
1980,2014,34,0.0,0.0
1980,2014,34,0.0,0.0
2004,1993,11,12.679700005769249,0.0
1980,2007,27,0.0,0.0
1998,1980,18,10.0,0.0
1999,1990,9,9.509775004326936,0.0
1999,2000,1,9.509775004326936,0.0
1980,1988,8,0.0,0.0
1980,1986,6,0.0,0.0
1980,1994,14,0.0,0.0
1980,1980,0,0.0,0.0
1980,1988,8,0.0,0.0
1980,1993,13,0.0,0.0
1980,1982,2,0.0,0.0
1980,1980,0,0.0,0.0
1980,2015,35,0.0,0.0
1980,1982,2,0.0,0.0
2001,1988,13,14.801758872564369,0.0
1999,1995,4,84.0,0.0
1980,1994,14,0.0,0.0
1980,1980,0,0.0,0.0
1980,1982,2,0.0,0.0
1980,1999,19,0.0,0.0
1980,1996,16,0.0,0.0
2013,2002,11,14.339850002884626,0.0
1980,1994,14,0.0,0.0
2013,1992,21,38.89735285398626,0.0
2014,1999,15,14.339850002884626,0.0
2006,2005,1,252.61501174663368,0.0
1980,2012,32,0.0,0.0
1980,1988,8,0.0,0.0
1980,1990,10,0.0,0.0
1980,1991,11,0.0,0.0
2006,2010,4,12.965784284662087,0.0
1980,1994,14,0.0,0.0
1981,2007,26,27.675452949098382,0.0
1980,1999,19,0.0,0.0
1995,2013,18,9.28771237954945,0.0
1996,2007,11,12.0,0.0
1980,2013,33,0.0,0.0
1980,1981,1,0.0,0.0
2006,1998,8,16.0,0.0
1980,1984,4,0.0,0.0
1980,2004,24,0.0,0.0
1980,2011,31,0.0,0.0
1980,2003,23,0.0,0.0
1991,1998,7,5.807354922057605,0.0
1991,1988,3,15.627562382434075,0.0
2002,1998,4,16.99171005377434,0.0
1980,2001,21,0.0,0.0
1991,1989,2,12.0,0.0
2000,1991,9,18.5754247590989,0.0
1980,2001,21,0.0,0.0
1980,1981,1,0.0,0.0
1980,2005,25,0.0,0.0
1980,1995,15,0.0,0.0
1980,1989,9,0.0,0.0
1980,2012,32,0.0,0.0
1980,2010,30,0.0,0.0
1999,1987,12,16.931568569324174,0.0
2004,1996,8,8.49585502688717,0.0
2013,2001,12,14.339850002884626,0.0
1991,1980,11,12.0,0.0
1992,1995,3,16.99171005377434,0.0
1980,2012,32,0.0,0.0
1995,2012,17,13.754887502163466,0.0
2004,2011,7,14.801758872564369,0.0
2004,1998,6,4.0,0.0
1980,1987,7,0.0,0.0
1980,1994,14,0.0,0.0
1980,1982,2,0.0,0.0
1980,1981,1,0.0,0.0
2007,1980,27,4.0,0.0
2005,2000,5,53.51317942364756,0.0
1995,2001,6,215.18207724599705,0.0
2004,2014,10,8.379378367071261,0.0
2010,1984,26,10.339850002884624,0.0
1980,1983,3,0.0,0.0
1980,1998,18,0.0,0.0
1980,1997,17,0.0,0.0
1980,1997,17,0.0,0.0
1980,2013,33,0.0,0.0
1980,1994,14,0.0,0.0
2001,2005,4,5.614709844115208,0.0
1980,2005,25,0.0,0.0
1980,1985,5,0.0,0.0
2014,2015,1,29.147885970765437,0.0
1980,2007,27,0.0,0.0
1980,2015,35,0.0,0.0
2006,1990,16,14.801758872564369,0.0
1980,2005,25,0.0,0.0
1980,1980,0,0.0,0.0
1980,2002,22,0.0,0.0
2004,1995,9,20.264662506490406,0.0
1980,2011,31,0.0,0.0
2010,2010,0,7.348728154231077,7.348728154231077
1980,1991,11,0.0,0.0
1980,2003,23,0.0,0.0
1980,2009,29,0.0,0.0
1980,1988,8,0.0,0.0
1980,1985,5,0.0,0.0
2004,1989,15,48.0,0.0
1980,2007,27,0.0,0.0
1980,2014,34,0.0,0.0
1980,2005,25,0.0,0.0
2002,1992,10,49.04955409500407,0.0
1980,1992,12,0.0,0.0
1980,2013,33,0.0,0.0
1980,1984,4,0.0,0.0
1980,1994,14,0.0,0.0
1980,2005,25,0.0,0.0
1980,1993,13,0.0,0.0
1980,2004,24,0.0,0.0
1988,1983,5,10.784634845557521,0.0
1980,1986,6,0.0,0.0
2010,1982,28,20.67970000576925,0.0
1980,1982,2,0.0,0.0
1991,1980,11,16.0,0.0
1980,2001,21,0.0,0.0
1980,1983,3,0.0,0.0
1980,1988,8,0.0,0.0
1980,1990,10,0.0,0.0
1980,1992,12,0.0,0.0
1985,1994,9,8.0,0.0
1980,1999,19,0.0,0.0
1980,1999,19,0.0,0.0
1980,1987,7,0.0,0.0
1994,2000,6,38.863847961020575,0.0
1980,2000,20,0.0,0.0
1980,1995,15,0.0,0.0
1980,2000,20,0.0,0.0
1980,1981,1,0.0,0.0
1980,1994,14,0.0,0.0
1990,1987,3,250.04099811894514,0.0
2010,2012,2,152.0,0.0
1980,1989,9,0.0,0.0
1980,1980,0,0.0,0.0
1980,1983,3,0.0,0.0
2009,1993,16,16.67970000576925,0.0
1980,1999,19,0.0,0.0
1980,2005,25,0.0,0.0
2002,2015,13,22.094247824228052,0.0
1980,2010,30,0.0,0.0
1980,1989,9,0.0,0.0
2008,1987,21,9.614709844115207,0.0
1980,1993,13,288.0,0.0
2005,1996,9,21.37517522079979,0.0
2012,2004,8,16.278794264106292,0.0
2002,1984,18,13.287712379549449,0.0
1980,1981,1,0.0,0.0
1980,2011,31,0.0,0.0
1980,1994,14,0.0,0.0
1980,1997,17,0.0,0.0
1980,1987,7,0.0,0.0
1986,2013,27,145.98245594699546,0.0
1983,2013,30,9.965784284662087,0.0
1997,2015,18,14.264662506490405,0.0
1980,1986,6,0.0,0.0
2014,1983,31,18.862588931160623,0.0
2010,2001,9,14.801758872564369,0.0
1980,2003,23,0.0,0.0
1980,1993,13,0.0,0.0
1987,2006,19,12.743782540330756,0.0
1980,1993,13,0.0,0.0
2014,1988,26,4.0,0.0
1990,1990,0,105.41561814669025,105.41561814669025
1980,2010,30,0.0,0.0
1980,1980,0,0.0,0.0
1980,2005,25,0.0,0.0
1980,2000,20,0.0,0.0
1980,2011,31,0.0,0.0
1988,1999,11,8.918863237274595,0.0
1980,2014,34,0.0,0.0
1980,2012,32,0.0,0.0
1980,2004,24,0.0,0.0
1980,1987,7,0.0,0.0
2013,2012,1,30.923794350384075,0.0
1980,1995,15,0.0,0.0
1985,1990,5,8.784634845557521,0.0
2000,2014,14,12.49585502688717,0.0
1998,2011,13,27.675452949098382,0.0
1980,1984,4,0.0,0.0
2005,1990,15,16.482807956726667,0.0
1980,1997,17,0.0,0.0
2005,2011,6,10.378294855911891,0.0
1980,1997,17,0.0,0.0
2005,1997,8,10.4189067312579,0.0
2005,2014,9,10.4189067312579,0.0
1980,2007,27,0.0,0.0
1990,1989,1,13.837726474549191,0.0
2013,2009,4,41.794705707972525,0.0
1980,1986,6,0.0,0.0
1980,1994,14,0.0,0.0
2010,2001,9,15.229419688230415,0.0
2005,1982,23,12.679700005769249,0.0
1987,1982,5,34.266194298518435,0.0
1980,1996,16,0.0,0.0
1980,1985,5,0.0,0.0
1980,2009,29,0.0,0.0
2011,2015,4,14.339850002884626,0.0
1980,1988,8,0.0,0.0
2012,1987,25,13.37829485591189,0.0
1980,1989,9,0.0,0.0
1998,2000,2,19.229419688230415,0.0
1980,2006,26,0.0,0.0
1995,2005,10,8.422064766172811,0.0
1989,2014,25,18.5754247590989,0.0
1980,2010,30,10.339850002884624,0.0
2000,2008,8,12.743782540330756,0.0
1980,1983,3,0.0,0.0
1980,1985,5,0.0,0.0
1980,2014,34,0.0,0.0
1988,1987,1,15.627562382434075,0.0
2002,2013,11,96.0,0.0
2004,1986,18,23.37937836707126,0.0
1980,2008,28,0.0,0.0
2000,2003,3,12.679700005769249,0.0
2000,2009,9,12.679700005769249,0.0
1980,2003,23,0.0,0.0
1980,2010,30,0.0,0.0
1980,2001,21,0.0,0.0
1980,1993,13,0.0,0.0
1980,2007,27,0.0,0.0
1980,1994,14,0.0,0.0
1980,2007,27,0.0,0.0
1980,1995,15,0.0,0.0
1980,2002,22,0.0,0.0
1980,2011,31,0.0,0.0
2013,2005,8,4.0,0.0
2004,1999,5,24.34985136500136,0.0
1980,2013,33,0.0,0.0
2005,1992,13,252.6708982161754,0.0
1980,2001,21,0.0,0.0
1980,1990,10,0.0,0.0
2012,1994,18,14.0,0.0
1980,1998,18,0.0,0.0
1981,2005,24,12.743782540330756,0.0
1980,2007,27,0.0,0.0
1980,2007,27,0.0,0.0
1980,1988,8,0.0,0.0
1993,1994,1,15.229419688230415,0.0
1993,1996,3,17.83772647454919,0.0
1980,2007,27,0.0,0.0
1980,1993,13,0.0,0.0
1980,2010,30,0.0,0.0
1980,2010,30,0.0,0.0
1980,1988,8,0.0,0.0
1980,1995,15,0.0,0.0
1992,1998,6,6.658211482751795,0.0
1986,1998,12,12.0,0.0
2011,1998,13,14.264662506490405,0.0
2005,2000,5,15.509775004326935,0.0
2004,2006,2,9.047123912114026,0.0
1980,2003,23,0.0,0.0
2001,2012,11,12.509775004326936,0.0
2011,2007,4,6.643856189774724,0.0
1980,1995,15,0.0,0.0
1980,1994,14,0.0,0.0
1980,1995,15,0.0,0.0
1996,2015,19,8.999999999999998,0.0
2012,2012,0,13.287712379549449,13.287712379549449
1998,2005,7,13.837726474549191,0.0
1999,1981,18,5.247927513443585,0.0
1987,1999,12,18.801758872564367,0.0
1993,1995,2,4.754887502163468,0.0
1980,2015,35,0.0,0.0
1980,1984,4,0.0,0.0
2007,2014,7,15.0,0.0
1980,2005,25,0.0,0.0
1980,2013,33,0.0,0.0
2004,2000,4,24.633186931627954,0.0
2005,2013,8,11.90839262077375,0.0
1980,2014,34,0.0,0.0
1996,2009,13,24.99171005377434,0.0
2011,2006,5,14.573942985382718,13.931568569324176
1980,1995,15,0.0,0.0
1980,2009,29,0.0,0.0
1997,2011,14,14.339850002884626,0.0
2002,2014,12,14.264662506490405,0.0
1980,2000,20,0.0,0.0
1980,2000,20,0.0,0.0
1980,2005,25,0.0,0.0
1980,2013,33,0.0,0.0
1980,2011,31,0.0,0.0
2012,2007,5,18.339850002884624,0.0
2008,1987,21,332.16822428632105,0.0
1988,1983,5,13.837726474549191,0.0
1980,1981,1,0.0,0.0
1984,2008,24,27.675452949098382,0.0
1980,1984,4,0.0,0.0
2004,1988,16,11.229419688230417,0.0
1980,2005,25,0.0,0.0
1980,1999,19,0.0,0.0
2011,2013,2,18.5754247590989,0.0
1980,2008,28,0.0,0.0
1980,2005,25,0.0,0.0
1980,1980,0,0.0,0.0
1999,2000,1,16.931568569324174,0.0
1980,2007,27,0.0,0.0
1980,1993,13,0.0,0.0
1980,2011,31,0.0,0.0
1980,2000,20,0.0,0.0
1980,2005,25,0.0,0.0
1980,2013,33,0.0,0.0
1980,2003,23,0.0,0.0
1980,1980,0,0.0,0.0
1980,2004,24,0.0,0.0
1993,1997,4,9.047123912114026,0.0
1980,2000,20,0.0,0.0
1980,1982,2,0.0,0.0
2010,2007,3,15.0,0.0
2000,2009,9,10.378294855911891,0.0
1980,1983,3,0.0,0.0
2011,1987,24,16.349851365001356,0.0
1980,2000,20,0.0,0.0
1980,1995,15,0.0,0.0
1986,1995,9,11.422064766172811,0.0
1980,2003,23,0.0,0.0
1980,2007,27,0.0,0.0
1980,1987,7,0.0,0.0
1980,2003,23,0.0,0.0
1980,2003,23,0.0,0.0
2011,1980,31,17.83772647454919,0.0
1980,2008,28,0.0,0.0
1983,1983,0,4.0,4.0
1983,2010,27,4.0,0.0
2001,2010,9,16.67970000576925,0.0
2014,1999,15,16.99171005377434,0.0
1990,2011,21,13.176952268336281,0.0
1980,1996,16,0.0,0.0
2012,2014,2,20.0,0.0
1980,2012,32,0.0,0.0
1980,2009,29,0.0,0.0
2008,2012,4,18.13318235807536,0.0
1980,1989,9,0.0,0.0
1986,1997,11,10.784634845557521,0.0
1987,2013,26,14.573942985382718,0.0
1980,1998,18,0.0,0.0
2011,1991,20,17.569269691115043,0.0
1980,1996,16,0.0,0.0
1980,1994,14,0.0,0.0
1990,2001,11,12.0,0.0
1998,1988,10,13.931568569324176,0.0
2005,2011,6,9.047123912114026,0.0
1980,1999,19,0.0,0.0
2002,1985,17,14.264662506490405,0.0
1980,1990,10,0.0,0.0
1980,2006,26,0.0,0.0
1983,1998,15,10.339850002884624,0.0
2003,1991,12,18.5754247590989,0.0
1980,1990,10,0.0,0.0
1980,2014,34,0.0,0.0
1988,2011,23,4.807354922057604,0.0
2013,2012,1,18.62836009688685,0.0
1980,2012,32,0.0,0.0
1980,2010,30,0.0,0.0
1980,2014,34,0.0,0.0
1980,2009,29,0.0,0.0
1980,1983,3,0.0,0.0
1992,1989,3,6.658211482751795,0.0
2001,2014,13,6.0,0.0
1980,1990,10,0.0,0.0
1995,2008,13,16.37829485591189,0.0
1995,2005,10,16.37829485591189,0.0
1980,1995,15,0.0,0.0
1980,1995,15,0.0,0.0
1980,2002,22,0.0,0.0
1980,1981,1,0.0,0.0
1980,2015,35,0.0,0.0
1980,1994,14,12.0,0.0
1980,1999,19,0.0,0.0
2005,1997,8,27.509775004326933,0.0
1980,2011,31,0.0,0.0
1980,2012,32,0.0,0.0
2001,2003,2,18.801758872564367,0.0
1980,1991,11,0.0,0.0
2013,2012,1,8.0,0.0
1980,1996,16,0.0,0.0
1980,2000,20,0.0,0.0
prediction,actual,diff,predSCore,actScore
2001,2009,8,39.25512476486815,0.0
2006,1993,13,20.8378134625158,0.0
1980,1984,4,0.0,0.0
2004,1985,19,32.145312027708506,0.0
1980,2013,33,0.0,0.0
2011,2014,3,19.019550008653873,0.0
1980,2013,33,0.0,0.0
1980,2013,33,0.0,0.0
1980,2013,33,0.0,0.0
1980,2014,34,0.0,0.0
1990,1980,10,16.349851365001356,0.0
1989,2015,26,34.266194298518435,0.0
2001,1999,2,18.5754247590989,8.49585502688717
1989,2000,11,9.400879436282183,0.0
1980,1996,16,0.0,0.0
2003,2004,1,10.378294855911891,9.771489469500597
2008,1983,25,13.109177703355273,0.0
1980,2001,21,10.339850002884624,0.0
1999,2013,14,32.0,0.0
1980,2014,34,0.0,0.0
2003,2013,10,18.094247824228052,0.0
1980,2002,22,0.0,0.0
1980,1982,2,0.0,0.0
1980,1985,5,0.0,0.0
1980,1995,15,0.0,0.0
1980,1987,7,0.0,0.0
1980,1990,10,0.0,0.0
1980,1991,11,0.0,0.0
1980,1986,6,0.0,0.0
1980,1999,19,0.0,0.0
1999,2000,1,4.754887502163468,0.0
2003,1986,17,14.862588931160623,0.0
1980,1987,7,0.0,0.0
1980,1993,13,0.0,0.0
1980,1987,7,0.0,0.0
2001,1987,14,32.69970273000271,0.0
2013,2010,3,19.019550008653873,0.0
1980,1991,11,0.0,0.0
1980,1989,9,0.0,0.0
1980,2011,31,0.0,0.0
1980,1980,0,0.0,0.0
1980,1983,3,0.0,0.0
2013,2012,1,12.262388523751017,0.0
1980,1994,14,0.0,0.0
2010,1994,16,30.45883937646083,0.0
2010,1982,28,30.45883937646083,0.0
1980,1984,4,0.0,0.0
1984,1983,1,15.627562382434075,0.0
1980,1994,14,0.0,0.0
1980,1988,8,0.0,0.0
1998,2003,5,18.339850002884624,0.0
1980,1984,4,0.0,0.0
2003,2006,3,14.862588931160623,0.0
1980,1999,19,0.0,0.0
2014,1987,27,15.262388523751017,0.0
2005,2007,2,32.69970273000271,0.0
2013,1989,24,3.0,0.0
1980,1982,2,0.0,0.0
1980,2014,34,0.0,0.0
1980,1999,19,0.0,0.0
1980,2014,34,0.0,0.0
1980,2005,25,0.0,0.0
1980,2005,25,0.0,0.0
1980,2007,27,0.0,0.0
1980,2009,29,0.0,0.0
1996,1996,0,13.37829485591189,13.37829485591189
1980,1988,8,0.0,0.0
1980,1984,4,0.0,0.0
1980,2004,24,0.0,0.0
1980,1994,14,0.0,0.0
1980,1999,19,0.0,0.0
1980,1989,9,0.0,0.0
1998,2003,5,15.954559846999835,8.857980995127571
1990,2014,24,4.523561956057013,0.0
2003,1995,8,80.0,0.0
1980,1997,17,0.0,0.0
2010,1992,18,11.229419688230417,0.0
1998,2014,16,12.679700005769249,0.0
2001,2012,11,19.8167852415475,0.0
1980,2007,27,0.0,0.0
1980,1985,5,0.0,0.0
2005,2010,5,17.569269691115043,0.0
1991,2009,18,11.720671786825557,0.0
1998,2003,5,13.837726474549191,0.0
1988,1989,1,22.458839376460833,0.0
2005,1999,6,38.039100017307746,0.0
1997,1986,11,13.176952268336281,0.0
2013,1991,22,38.039100017307746,0.0
1980,1998,18,0.0,0.0
1990,2009,19,12.0,0.0
1980,2003,23,0.0,0.0
2005,2008,3,18.339850002884624,0.0
1999,1997,2,6.285402218862248,0.0
2007,1999,8,27.085626344817157,8.0
1980,1997,17,0.0,0.0
2011,1996,15,11.101319154423274,0.0
1980,2011,31,0.0,0.0
1994,2012,18,62.039100017307746,0.0
1980,2012,32,0.0,0.0
2000,2011,11,12.509775004326936,0.0
1989,1997,8,8.999999999999998,0.0
1980,2002,22,0.0,0.0
1980,2008,28,0.0,0.0
1980,2008,28,0.0,0.0
1980,2014,34,0.0,0.0
1980,1988,8,0.0,0.0
1980,1982,2,0.0,0.0
1980,2004,24,0.0,0.0
1980,1981,1,0.0,0.0
1980,1984,4,0.0,0.0
2005,2004,1,17.28771237954945,0.0
1980,1993,13,24.0,0.0
1980,2007,27,0.0,0.0
1980,1991,11,0.0,0.0
1980,1991,11,0.0,0.0
2002,1992,10,24.0,0.0
1980,1986,6,0.0,0.0
1983,1990,7,146.16483617504394,0.0
1989,1984,5,7.400879436282184,0.0
1980,1984,4,0.0,0.0
1980,1995,15,0.0,0.0
1980,1990,10,0.0,0.0
1980,1986,6,0.0,0.0
2010,1981,29,14.101319154423276,0.0
1980,2008,28,0.0,0.0
1983,1986,3,15.627562382434075,0.0
1980,1986,6,0.0,0.0
1980,2011,31,0.0,0.0
2005,1981,24,13.287712379549449,0.0
2011,2002,9,13.37829485591189,0.0
1980,1990,10,0.0,0.0
1980,1984,4,0.0,0.0
1985,2010,25,13.176952268336281,0.0
1980,1998,18,0.0,0.0
2000,1989,11,13.287712379549449,0.0
1999,2001,2,5.129283016944966,0.0
1980,1986,6,0.0,0.0
2014,1982,32,27.509775004326933,0.0
2014,1980,34,27.509775004326933,0.0
1980,1986,6,0.0,0.0
2009,2008,1,13.837726474549191,0.0
1980,2002,22,0.0,0.0
1989,2002,13,10.339850002884624,0.0
2008,1999,9,6.965784284662088,0.0
2007,1982,25,83.96684021509736,0.0
1986,1988,2,12.679700005769249,0.0
1984,1988,4,8.643856189774725,0.0
1981,1982,1,12.0,0.0
2002,2006,4,12.262388523751017,0.0
2007,2000,7,11.455840909126398,0.0
1994,2005,11,12.743782540330756,0.0
1994,1998,4,12.743782540330756,5.169925001442312
2009,1989,20,12.4189067312579,0.0
2012,2014,2,28.844129532345622,0.0
1980,1998,18,0.0,0.0
1980,1996,16,0.0,0.0
1980,2002,22,0.0,0.0
1980,2012,32,0.0,0.0
1994,1985,9,20.008209750031796,0.0
1980,1993,13,0.0,0.0
1980,2012,32,0.0,0.0
1980,1981,1,0.0,0.0
1980,2002,22,0.0,0.0
1980,1988,8,0.0,0.0
1980,2010,30,0.0,0.0
1980,1993,13,0.0,0.0
1983,2001,18,9.509775004326936,0.0
2008,1997,11,21.14160887544899,0.0
1980,2000,20,0.0,0.0
1980,1982,2,0.0,0.0
1992,2014,22,17.28771237954945,0.0
1980,2006,26,0.0,0.0
1980,2009,29,0.0,0.0
1980,1982,2,0.0,0.0
2000,2000,0,12.0,12.0
2002,2004,2,8.0,0.0
1998,2010,12,16.67970000576925,0.0
1980,1992,12,0.0,0.0
1980,1990,10,0.0,0.0
1980,2005,25,0.0,0.0
1980,2003,23,0.0,0.0
1980,1994,14,0.0,0.0
2009,1992,17,13.176952268336281,0.0
1993,2008,15,86.03910001730776,0.0
1980,2003,23,0.0,0.0
2012,1986,26,27.89307054129719,0.0
1982,2002,20,13.837726474549191,0.0
1980,1998,18,0.0,0.0
1997,2014,17,12.679700005769249,0.0
2004,2012,8,18.05581199313977,0.0
1980,1984,4,0.0,0.0
1980,1983,3,0.0,0.0
1980,2014,34,0.0,0.0
1980,1983,3,0.0,0.0
1980,1989,9,0.0,0.0
1980,1983,3,0.0,0.0
1980,2001,21,0.0,0.0
1997,1983,14,13.37829485591189,0.0
1992,1985,7,28.52932501298081,0.0
1988,1982,6,11.229419688230417,0.0
1985,1991,6,10.378294855911891,0.0
1980,1991,11,0.0,0.0
2013,2005,8,35.16201536047667,0.0
1980,2015,35,0.0,0.0
1998,1993,5,16.278794264106292,0.0
1999,2001,2,114.6940428629768,0.0
1980,1992,12,0.0,0.0
2009,1984,25,37.82268448906262,0.0
1980,1980,0,0.0,0.0
2002,1981,21,48.0,0.0
1980,1981,1,0.0,0.0
1980,1992,12,0.0,0.0
1993,2010,17,15.229419688230415,0.0
1986,1981,5,13.837726474549191,0.0
1980,2009,29,0.0,0.0
1980,2014,34,0.0,0.0
1980,2002,22,0.0,0.0
2013,1996,17,17.017276025914484,0.0
1980,2006,26,0.0,0.0
1980,2009,29,0.0,0.0
1997,1997,0,4.584962500721156,4.584962500721156
1980,1983,3,0.0,0.0
2012,1986,26,17.101319154423276,0.0
1991,2001,10,29.725177862321253,0.0
1980,1995,15,0.0,0.0
1980,2015,35,0.0,0.0
1980,2003,23,0.0,0.0
1980,2010,30,0.0,0.0
1980,2005,25,0.0,0.0
1980,2010,30,0.0,0.0
1980,1984,4,0.0,0.0
1987,1981,6,76.14709844115208,0.0
1980,2013,33,0.0,0.0
1980,2002,22,0.0,0.0
2013,1985,28,15.965784284662085,0.0
2015,1992,23,20.0,0.0
1980,1993,13,0.0,0.0
1980,2014,34,0.0,0.0
1995,2010,15,23.441343573651114,0.0
2014,2008,6,46.88268714730222,0.0
1987,2012,25,55.726274277296696,0.0
1980,1990,10,0.0,0.0
1980,2013,33,0.0,0.0
1998,1997,1,12.262388523751017,0.0
1990,1997,7,4.169925001442312,0.0
1980,1986,6,0.0,0.0
1996,2015,19,15.229419688230415,0.0
1980,2015,35,0.0,0.0
2011,2004,7,16.0,0.0
1995,1988,7,15.509775004326935,0.0
1980,1994,14,0.0,0.0
1997,2001,4,17.569269691115043,0.0
1998,1997,1,4.0,0.0
2002,2013,11,25.019550008653873,0.0
1980,1998,18,0.0,0.0
1980,1990,10,0.0,0.0
1989,2010,21,4.459431618637297,0.0
1980,2003,23,0.0,0.0
1980,1999,19,0.0,0.0
1980,1985,5,0.0,0.0
1980,1986,6,0.0,0.0
1980,1991,11,0.0,0.0
1991,1994,3,12.965784284662087,0.0
1980,1990,10,0.0,0.0
1989,1997,8,12.0,0.0
1980,1992,12,0.0,0.0
1980,2013,33,0.0,0.0
1980,2008,28,0.0,0.0
1980,1987,7,0.0,0.0
1982,1990,8,5.357552004618084,0.0
2015,2005,10,19.019550008653873,0.0
1994,2013,19,14.801758872564369,0.0
1980,2002,22,0.0,0.0
1980,1998,18,0.0,0.0
2008,1983,25,16.99171005377434,0.0
1980,1990,10,0.0,0.0
1980,1998,18,0.0,0.0
1980,1999,19,0.0,0.0
1980,1980,0,0.0,0.0
1980,1983,3,0.0,0.0
1980,1980,0,0.0,0.0
1982,2014,32,51.89147427955945,0.0
1993,2011,18,16.0,0.0
1994,1984,10,366.466692096662,0.0
1980,1990,10,0.0,0.0
1993,2001,8,15.62836009688685,0.0
1980,1982,2,0.0,0.0
1984,1980,4,45.787165571253055,0.0
2003,1980,23,30.0,0.0
2006,1983,23,17.28771237954945,0.0
1994,1989,5,4.0,0.0
1980,1985,5,0.0,0.0
2009,1999,10,18.339850002884624,0.0
2009,2008,1,18.339850002884624,0.0
1980,2008,28,0.0,0.0
1980,2008,28,0.0,0.0
1995,1990,5,17.999999999999996,0.0
2004,1999,5,29.441343573651107,6.794415866350106
1993,2013,20,18.801758872564367,0.0
1980,1993,13,0.0,0.0
1980,2009,29,0.0,0.0
1993,1986,7,20.8378134625158,0.0
1986,1991,5,13.287712379549449,0.0
1980,1998,18,0.0,0.0
2002,2010,8,15.229419688230415,0.0
2005,2000,5,15.262388523751017,0.0
1980,1996,16,0.0,0.0
1980,1986,6,0.0,0.0
1980,2003,23,0.0,0.0
1980,2010,30,0.0,0.0
1999,1983,16,11.047123912114026,0.0
1980,1991,11,0.0,0.0
1980,1989,9,0.0,0.0
1980,1983,3,0.0,0.0
1980,1981,1,0.0,0.0
1996,1984,12,14.801758872564369,0.0
1988,1983,5,8.0,0.0
1980,1991,11,0.0,0.0
2002,2002,0,28.607714544142304,28.607714544142304
1980,2011,31,0.0,0.0
1980,2008,28,0.0,0.0
1997,1983,14,12.509775004326936,0.0
1980,1983,3,0.0,0.0
1980,2005,25,0.0,0.0
1980,1999,19,0.0,0.0
2003,1990,13,5.807354922057605,0.0
2006,1984,22,7.592457037268081,0.0
1980,1984,4,0.0,0.0
1980,1997,17,0.0,0.0
2012,1987,25,216.83610007500016,0.0
1980,2012,32,0.0,0.0
2004,1985,19,81.25115396912896,0.0
2002,1988,14,13.570685868171037,0.0
1980,2009,29,0.0,0.0
1986,2008,22,14.339850002884626,0.0
2009,2009,0,16.67970000576925,16.67970000576925
1996,1990,6,18.194602975157967,0.0
1980,1993,13,0.0,0.0
1980,1993,13,0.0,0.0
1980,1987,7,0.0,0.0
1980,1994,14,0.0,0.0
1980,1994,14,0.0,0.0
1980,1990,10,0.0,0.0
1983,1996,13,4.0,0.0
1980,1994,14,0.0,0.0
1980,1988,8,0.0,0.0
1980,1982,2,0.0,0.0
2013,2002,11,35.138539382230086,0.0
2008,2006,2,29.977279923499918,0.0
2000,1983,17,10.784634845557521,0.0
1980,1992,12,0.0,0.0
1998,1998,0,18.094247824228052,18.094247824228052
1980,2011,31,0.0,0.0
1980,1992,12,0.0,0.0
1980,2014,34,0.0,0.0
2004,1986,18,16.07265601385425,0.0
1980,2000,20,0.0,0.0
2003,1994,9,18.094247824228052,0.0
1980,1981,1,15.229419688230415,0.0
1980,1985,5,0.0,0.0
1996,2005,9,24.942088529520266,0.0
1980,2008,28,0.0,0.0
2000,2002,2,64.0,0.0
1980,1982,2,0.0,0.0
2001,2010,9,20.65674431413237,0.0
1980,2014,34,0.0,0.0
1980,2003,23,0.0,0.0
1999,1982,17,8.209453365628951,0.0
1980,2000,20,0.0,0.0
1985,2009,24,13.287712379549449,0.0
2010,2004,6,18.5754247590989,8.174925682500678
1980,1986,6,0.0,0.0
2010,1999,11,14.264662506490405,0.0
1980,2014,34,0.0,0.0
1980,1980,0,0.0,0.0
1980,1984,4,0.0,0.0
1988,2014,26,15.627562382434075,0.0
1980,1982,2,0.0,0.0
1980,1994,14,0.0,0.0
1980,1990,10,0.0,0.0
1980,1980,0,0.0,0.0
2006,1985,21,37.1508495181978,0.0
1980,1988,8,0.0,0.0
1999,2003,4,20.133202430493824,8.857980995127571
2009,1993,16,12.0,0.0
1980,1985,5,0.0,0.0
2004,1999,5,11.229419688230417,0.0
1994,2001,7,5.044394119358453,0.0
1989,1992,3,4.459431618637297,0.0
2013,2012,1,6.339850002884624,0.0
1980,1989,9,0.0,0.0
1980,1982,2,0.0,0.0
1980,1989,9,0.0,0.0
1980,1999,19,0.0,0.0
2006,1981,25,16.844129532345622,0.0
1980,1980,0,0.0,0.0
1980,1989,9,0.0,0.0
1980,2001,21,0.0,0.0
1980,1987,7,0.0,0.0
1980,2010,30,0.0,0.0
2003,1985,18,27.516802271220907,15.587748221540842
1985,2014,29,22.844129532345622,0.0
2013,2014,1,28.679700005769252,0.0
1980,1993,13,0.0,0.0
1997,2007,10,12.0,0.0
1998,1980,18,18.094247824228052,0.0
2003,1990,13,19.431923980510287,0.0
2012,2000,12,108.5654869453683,0.0
2012,1988,24,127.25194301685595,0.0
1980,1986,6,0.0,0.0
1990,1994,4,27.141371736342073,0.0
2011,1980,31,38.774437510817336,0.0
2007,1988,19,14.422064766172811,11.229419688230417
2006,1993,13,16.475559288989025,0.0
1980,1982,2,0.0,0.0
1980,1980,0,0.0,0.0
2005,2015,10,18.339850002884624,0.0
1989,1982,7,3.4594316186372978,0.0
1980,1988,8,0.0,0.0
2003,1995,8,182.75303625876504,0.0
1998,1994,4,15.229419688230415,0.0
1980,1980,0,0.0,0.0
1980,1982,2,0.0,0.0
1980,1999,19,0.0,0.0
2009,1996,13,29.441343573651107,0.0
1995,2002,7,17.83772647454919,0.0
1980,1994,14,0.0,0.0
1980,1992,12,0.0,0.0
1980,1999,19,0.0,0.0
1980,2005,25,0.0,0.0
2003,2012,9,20.756589711823782,0.0
1980,1988,8,0.0,0.0
1980,1990,10,0.0,0.0
2014,1991,23,6.339850002884624,0.0
2011,2010,1,17.569269691115043,0.0
1980,1994,14,0.0,0.0
1986,2007,21,11.101319154423274,0.0
1980,1999,19,0.0,0.0
1980,2013,33,0.0,0.0
1980,2007,27,0.0,0.0
2008,2013,5,7.754887502163467,0.0
1980,1981,1,0.0,0.0
1980,1998,18,0.0,0.0
1985,1984,1,25.967412385318696,0.0
1980,2004,24,0.0,0.0
1980,2011,31,0.0,0.0
1980,2003,23,0.0,0.0
1980,1998,18,0.0,0.0
1980,1988,8,0.0,0.0
1980,1998,18,0.0,0.0
1980,2001,21,0.0,0.0
1982,1989,7,4.321928094887363,0.0
1980,1991,11,0.0,0.0
1982,2001,19,11.229419688230417,0.0
1980,1981,1,0.0,0.0
2000,2005,5,13.37829485591189,0.0
1980,1995,15,0.0,0.0
2001,1989,12,14.264662506490405,0.0
1980,2012,32,0.0,0.0
2011,2010,1,140.55415752892034,0.0
1980,1987,7,0.0,0.0
2008,1996,12,16.475559288989025,0.0
2010,2001,9,32.146110627269934,4.321928094887363
1980,1980,0,0.0,0.0
1980,1995,15,0.0,0.0
1980,2012,32,0.0,0.0
1980,2012,32,0.0,0.0
1980,2011,31,0.0,0.0
1980,1998,18,0.0,0.0
1980,1987,7,0.0,0.0
1980,1994,14,0.0,0.0
1980,1982,2,0.0,0.0
1990,1981,9,4.523561956057013,0.0
1980,1980,0,0.0,0.0
2000,2000,0,16.278794264106292,16.278794264106292
1980,2001,21,0.0,0.0
1980,2014,34,0.0,0.0
1980,1984,4,0.0,0.0
2005,1983,22,56.0,0.0
1980,1998,18,0.0,0.0
1980,1997,17,0.0,0.0
1980,1997,17,0.0,0.0
1980,2013,33,0.0,0.0
2013,1994,19,15.856206656586743,0.0
1995,2005,10,36.67970000576925,0.0
2005,2005,0,15.229419688230415,15.229419688230415
1995,1985,10,9.28771237954945,0.0
2004,2015,11,23.142736552998368,0.0
1980,2007,27,0.0,0.0
2001,2015,14,10.0,0.0
1980,1990,10,0.0,0.0
1980,2005,25,0.0,0.0
1980,1980,0,0.0,0.0
1994,2002,8,14.264662506490405,0.0
1997,1995,2,15.627562382434075,0.0
1992,2011,19,9.965784284662087,0.0
2008,2010,2,19.984307190393885,0.0
1980,1991,11,0.0,0.0
1980,2003,23,0.0,0.0
1980,2009,29,0.0,0.0
1980,1988,8,0.0,0.0
1980,1985,5,0.0,0.0
1980,1989,9,0.0,0.0
1984,2007,23,16.0,0.0
1997,2014,17,14.339850002884626,0.0
1980,2005,25,0.0,0.0
2004,1992,12,36.11162398627954,0.0
1980,1992,12,0.0,0.0
1980,2013,33,16.0,0.0
1980,1984,4,0.0,0.0
1980,1994,14,0.0,0.0
1996,2005,9,15.229419688230415,0.0
1996,1993,3,15.229419688230415,0.0
1980,2004,24,0.0,0.0
1980,1983,3,0.0,0.0
2004,1986,18,14.801758872564369,0.0
1980,1982,2,0.0,0.0
1980,1982,2,0.0,0.0
1980,1980,0,0.0,0.0
1980,2001,21,0.0,0.0
2009,1983,26,13.837726474549191,0.0
1989,1988,1,4.700439718141092,0.0
2002,1990,12,11.109177703355275,0.0
2010,1992,18,18.5754247590989,0.0
1998,1994,4,108.41805003750008,5.357552004618084
1995,1999,4,16.37829485591189,0.0
1999,1999,0,25.266194298518435,25.266194298518435
1980,1987,7,0.0,0.0
1980,2000,20,0.0,0.0
1980,2000,20,0.0,0.0
2003,1995,8,20.78400853990805,0.0
2014,2000,14,11.61470984411521,0.0
1980,1981,1,0.0,0.0
1985,1994,9,36.188495648456104,0.0
2011,1987,24,16.67970000576925,0.0
2002,2012,10,16.99171005377434,0.0
1980,1989,9,0.0,0.0
1986,1980,6,25.019550008653873,0.0
2014,1983,31,91.37651812938249,0.0
2014,1993,21,91.37651812938249,0.0
2001,1999,2,59.4503557246425,0.0
1980,2005,25,0.0,0.0
2006,2015,9,31.903078026987643,0.0
2008,2010,2,42.28321775089798,0.0
2005,1989,16,28.38920595031594,0.0
1980,1987,7,0.0,0.0
2001,1993,8,28.291386749354047,10.4189067312579
1985,1996,11,13.287712379549449,0.0
1985,2004,19,13.287712379549449,0.0
2005,1984,21,155.58941141594505,0.0
1991,1981,10,15.627562382434075,0.0
1980,2011,31,0.0,0.0
2005,1994,11,9.28771237954945,0.0
1980,1997,17,0.0,0.0
1980,1987,7,0.0,0.0
1980,2013,33,0.0,0.0
2014,2013,1,14.720671786825553,0.0
2006,2015,9,25.788618004109395,0.0
1980,1986,6,0.0,0.0
2003,1983,20,13.570685868171037,0.0
1998,2001,3,58.30475191347504,0.0
1998,2003,5,40.457592496643514,0.0
1980,1993,13,0.0,0.0
2010,2006,4,183.2934545460224,0.0
2000,1993,7,16.99171005377434,0.0
1996,1988,8,73.60335893412777,0.0
1980,1990,10,0.0,0.0
1999,2010,11,10.754887502163468,0.0
1980,1980,0,0.0,0.0
1993,2005,12,33.303957463269825,0.0
1980,2000,20,0.0,0.0
1980,2011,31,0.0,0.0
1987,1999,12,10.088788238716907,0.0
1980,2014,34,0.0,0.0
1995,2012,17,8.422064766172811,0.0
1990,2004,14,39.86313713864835,0.0
2008,1987,21,73.99563106407147,0.0
1980,2012,32,0.0,0.0
1992,1995,3,33.14137173634207,0.0
2013,1990,23,13.931568569324176,0.0
2004,2014,10,18.05581199313977,0.0
2006,2011,5,10.258566033889933,0.0
2011,1984,27,63.03780748177103,0.0
1980,1990,10,0.0,0.0
1992,1997,5,16.570685868171037,0.0
1980,2011,31,0.0,0.0
1980,1997,17,0.0,0.0
1985,1997,12,15.229419688230415,0.0
1980,2014,34,0.0,0.0
2011,2007,4,25.931568569324174,0.0
1980,1989,9,0.0,0.0
1980,2009,29,0.0,0.0
1989,1986,3,11.422064766172811,0.0
2003,1994,9,8.857980995127571,0.0
1980,2001,21,0.0,0.0
2006,1982,24,11.61470984411521,0.0
1999,1982,17,9.28771237954945,0.0
2008,1996,12,13.789635526615886,0.0
1990,1985,5,4.169925001442312,0.0
1980,2009,29,0.0,0.0
1980,2015,35,0.0,0.0
1980,1988,8,0.0,0.0
2003,1987,16,68.70780907334512,0.0
2003,1989,14,68.70780907334512,0.0
1980,2000,20,0.0,0.0
1980,2006,26,0.0,0.0
1980,2005,25,0.0,0.0
2006,2014,8,16.349851365001356,0.0
1999,2010,11,103.73147310592782,0.0
1980,2008,28,0.0,0.0
2004,1983,21,17.317924843502503,0.0
1980,1985,5,0.0,0.0
1996,2014,18,15.229419688230415,0.0
2004,1987,17,17.317924843502503,0.0
1993,2013,20,96.0,0.0
1993,1986,7,64.0,0.0
2003,2008,5,48.0,0.0
2003,2003,0,48.0,48.0
2003,2009,6,48.0,0.0
2002,2003,1,16.349851365001356,0.0
2000,2010,10,17.37829485591189,0.0
2000,2001,1,17.37829485591189,0.0
2000,1993,7,17.37829485591189,10.339850002884624
2000,2007,7,17.37829485591189,0.0
2000,1994,6,17.37829485591189,0.0
1980,2007,27,0.0,0.0
1980,1995,15,0.0,0.0
1980,2002,22,0.0,0.0
2008,2011,3,29.14160887544899,0.0
1980,2005,25,0.0,0.0
1980,1999,19,0.0,0.0
1980,2013,33,0.0,0.0
1980,1992,12,0.0,0.0
1997,2001,4,17.569269691115043,0.0
2006,1990,16,172.2476637013568,0.0
2003,1994,9,12.918863237274595,0.0
2015,1998,17,96.0,0.0
1980,2005,25,0.0,0.0
2003,2007,4,8.857980995127571,0.0
1980,2007,27,0.0,0.0
1980,1988,8,0.0,0.0
1980,1994,14,0.0,0.0
2008,1996,12,5.392317422778761,0.0
1980,2007,27,0.0,0.0
1980,1993,13,0.0,0.0
2002,2010,8,16.67970000576925,0.0
2006,2010,4,4.0,0.0
2004,1988,16,7.022367813028455,0.0
1980,1995,15,0.0,0.0
1986,1998,12,10.339850002884624,0.0
1980,1998,18,0.0,0.0
2007,1998,9,3.169925001442312,0.0
1980,2000,20,0.0,0.0
2003,2006,3,8.643856189774725,0.0
2004,2003,1,17.569269691115043,0.0
1998,2012,14,14.339850002884626,0.0
2014,2007,7,24.984307190393885,0.0
1980,1995,15,0.0,0.0
1980,1994,14,0.0,0.0
2001,1995,6,6.442943495848728,0.0
1980,2015,35,0.0,0.0
2000,2012,12,9.28771237954945,0.0
2001,2005,4,15.13318235807536,0.0
1980,1981,1,0.0,0.0
1980,1999,19,0.0,0.0
1980,1995,15,0.0,0.0
1990,2015,25,12.0,0.0
2014,1984,30,13.287712379549449,8.999999999999998
2005,2014,9,13.908392620773752,0.0
1994,2005,11,5.906890595608519,5.459431618637297
1980,2013,33,0.0,0.0
1980,2000,20,0.0,0.0
1995,2013,18,14.339850002884626,0.0
1998,2014,16,8.339850002884624,0.0
1980,2009,29,0.0,0.0
1980,2006,26,0.0,0.0
1981,1995,14,9.28771237954945,0.0
2006,2009,3,18.5754247590989,0.0
1980,2011,31,0.0,0.0
1981,2014,33,13.570685868171037,0.0
1980,2000,20,0.0,0.0
2008,2000,8,34.5754247590989,0.0
1980,2005,25,0.0,0.0
2013,2013,0,14.339850002884626,14.339850002884626
1980,2011,31,0.0,0.0
1980,2007,27,0.0,0.0
2010,1987,23,8.455327220304559,0.0
1998,1983,15,13.837726474549191,0.0
1980,1981,1,0.0,0.0
1980,2008,28,0.0,0.0
2006,1984,22,16.99171005377434,0.0
1980,1988,8,0.0,0.0
2011,2005,6,14.264662506490405,0.0
2004,1999,5,14.862588931160623,0.0
1980,2013,33,0.0,0.0
1980,2008,28,0.0,0.0
1980,2005,25,0.0,0.0
1980,1980,0,0.0,0.0
1980,2000,20,0.0,0.0
2006,2007,1,10.643856189774723,0.0
1980,1993,13,0.0,0.0
1980,2011,31,0.0,0.0
1980,2000,20,0.0,0.0
1980,2005,25,0.0,0.0
1980,2013,33,0.0,0.0
2005,2003,2,328.19556203462383,0.0
1981,1980,1,12.0,0.0
2003,2004,1,39.86313713864835,0.0
1996,1997,1,34.79415750048479,0.0
1980,2000,20,0.0,0.0
2008,1982,26,152.92539048396907,0.0
1980,2007,27,0.0,0.0
1980,2009,29,0.0,0.0
1986,1983,3,8.339850002884624,0.0
2004,1987,17,13.37829485591189,0.0
1990,2000,10,8.422064766172811,0.0
1980,1995,15,0.0,0.0
1980,1995,15,0.0,0.0
1980,2003,23,0.0,0.0
2003,2007,4,18.801758872564367,0.0
1999,1987,12,68.53238859703688,0.0
1980,2003,23,0.0,0.0
1980,2003,23,0.0,0.0
1980,1980,0,0.0,0.0
1999,2008,9,9.28771237954945,0.0
1998,1983,15,23.019550008653873,0.0
1982,2010,28,6.339850002884624,0.0
1982,2010,28,15.627562382434075,0.0
1995,1999,4,15.262388523751017,0.0
2003,2011,8,18.5754247590989,0.0
1980,1996,16,0.0,0.0
1998,2014,16,12.965784284662087,0.0
1980,2012,32,0.0,0.0
1986,2009,23,11.422064766172811,0.0
1996,2012,16,5.491853096329675,0.0
2014,1989,25,13.37829485591189,0.0
1993,1997,4,18.801758872564367,0.0
1980,2013,33,0.0,0.0
2015,1998,17,20.0,0.0
2010,1991,19,203.15831097164295,0.0
1980,1996,16,0.0,0.0
1995,1994,1,16.0,0.0
1980,2001,21,0.0,0.0
1990,1988,2,9.28771237954945,0.0
2013,2011,2,18.094247824228052,0.0
1980,1999,19,0.0,0.0
1980,1985,5,0.0,0.0
2008,1990,18,15.262388523751017,0.0
1980,2006,26,0.0,0.0
1980,1998,18,0.0,0.0
1980,1991,11,0.0,0.0
2011,1990,21,13.287712379549449,0.0
2011,2014,3,13.287712379549449,0.0
1980,2011,31,0.0,0.0
2005,2012,7,15.229419688230415,0.0
1980,2012,32,0.0,0.0
1996,2010,14,12.679700005769249,0.0
1980,2014,34,0.0,0.0
2005,2009,4,16.475559288989025,0.0
1980,1983,3,0.0,0.0
2013,1989,24,10.754887502163468,0.0
1980,2014,34,0.0,0.0
2011,1990,21,51.86313713864835,0.0
1980,2008,28,0.0,0.0
1980,2005,25,0.0,0.0
1980,1995,15,0.0,0.0
1980,1995,15,0.0,0.0
1980,2002,22,0.0,0.0
2007,1981,26,15.0,0.0
1985,2015,30,14.801758872564369,0.0
2010,1994,16,8.455327220304559,0.0
2010,1999,11,25.365981660913675,0.0
1980,1997,17,0.0,0.0
1980,2011,31,0.0,0.0
2014,2012,2,16.67970000576925,0.0
1980,2003,23,0.0,0.0
1980,1991,11,0.0,0.0
1998,2012,14,5.129283016944966,0.0
1991,1996,5,16.349851365001356,0.0
1991,2000,9,16.349851365001356,0.0
prediction,actual,diff,predSCore,actScore
1980,2009,29,0.0,0.0
1985,1993,8,11.101319154423274,0.0
1994,1984,10,16.67970000576925,0.0
2008,1985,23,25.14160887544899,0.0
1981,2013,32,69.18863237274596,0.0
1980,2014,34,0.0,0.0
1980,2013,33,0.0,0.0
1980,2013,33,0.0,0.0
2003,2013,10,54.86384796102058,0.0
1980,2014,34,0.0,0.0
1990,1980,10,13.287712379549449,0.0
2005,2015,10,10.784634845557521,0.0
2005,1999,6,10.784634845557521,0.0
2010,2000,10,6.169925001442312,0.0
2012,1996,16,16.278794264106292,0.0
1980,2004,24,0.0,0.0
1980,1983,3,0.0,0.0
1980,2001,21,0.0,0.0
1980,2013,33,0.0,0.0
1980,2014,34,0.0,0.0
1980,2013,33,0.0,0.0
1980,2002,22,0.0,0.0
1980,1982,2,0.0,0.0
2005,1985,20,18.5754247590989,0.0
1980,1995,15,0.0,0.0
2002,1987,15,4.0,0.0
1980,1990,10,0.0,0.0
1980,1991,11,0.0,0.0
1980,1986,6,0.0,0.0
2010,1999,11,5.523561956057013,0.0
1997,2000,3,25.019550008653873,0.0
2006,1986,20,13.37829485591189,0.0
1994,1987,7,15.62836009688685,0.0
2005,1993,12,13.754887502163466,0.0
2011,1987,24,19.328830487546185,0.0
1980,1987,7,0.0,0.0
1980,2010,30,0.0,0.0
1989,1991,2,9.509775004326936,0.0
2010,1989,21,13.37829485591189,0.0
1980,2011,31,0.0,0.0
1980,1980,0,15.101319154423274,15.101319154423274
2009,1983,26,14.801758872564369,0.0
1980,2012,32,0.0,0.0
1980,1994,14,0.0,0.0
2003,1994,9,18.835705029771795,0.0
2008,1982,26,13.287712379549449,0.0
1980,1984,4,0.0,0.0
1983,1983,0,16.349851365001356,16.349851365001356
2001,1994,7,16.67970000576925,0.0
1988,1988,0,5.523561956057013,5.523561956057013
2004,2003,1,11.861474675125773,0.0
2007,1984,23,13.837726474549191,0.0
1980,2006,26,0.0,0.0
1980,1999,19,0.0,0.0
1980,1987,7,0.0,0.0
1980,2007,27,0.0,0.0
1980,1989,9,0.0,0.0
1980,1982,2,0.0,0.0
1980,2014,34,0.0,0.0
1990,1999,9,5.321928094887362,0.0
2012,2014,2,32.557588528212584,0.0
1980,2005,25,0.0,0.0
2007,2005,2,42.793987519471216,0.0
1980,2007,27,0.0,0.0
1980,2009,29,0.0,0.0
1980,1996,16,0.0,0.0
2011,1988,23,16.99171005377434,0.0
1980,1984,4,0.0,0.0
1980,2004,24,31.69925001442312,0.0
1980,1994,14,0.0,0.0
1980,1999,19,0.0,0.0
1986,1989,3,9.90839262077375,0.0
1980,2003,23,0.0,0.0
2003,2014,11,30.45883937646083,0.0
1996,1995,1,75.28421251514428,0.0
1980,1997,17,0.0,0.0
1980,1992,12,0.0,0.0
1980,2014,34,0.0,0.0
1980,2012,32,0.0,0.0
1980,2007,27,0.0,0.0
1980,1985,5,0.0,0.0
1980,2010,30,0.0,0.0
1980,2009,29,0.0,0.0
2010,2003,7,34.04695468068851,0.0
1980,1989,9,0.0,0.0
1998,1999,1,47.95467846308511,0.0
1993,1986,7,4.0,0.0
1994,1991,3,5.614709844115208,0.0
1997,1998,1,12.0,0.0
1980,2009,29,0.0,0.0
1980,2003,23,0.0,0.0
1999,2008,9,5.954196310386875,0.0
1984,1997,13,12.679700005769249,0.0
1980,1999,19,0.0,0.0
1982,1997,15,99.42411520902625,0.0
2000,1996,4,11.229419688230417,0.0
1995,2011,16,16.349851365001356,0.0
2009,2012,3,15.856206656586743,0.0
1980,2012,32,0.0,0.0
1980,2011,31,0.0,0.0
1986,1997,11,14.339850002884626,0.0
1980,2002,22,0.0,0.0
1980,2008,28,0.0,0.0
1980,2008,28,0.0,0.0
1980,2014,34,0.0,0.0
2005,1988,17,57.359400011538504,0.0
1985,1982,3,14.801758872564369,0.0
1980,2004,24,0.0,0.0
1992,1981,11,13.176952268336281,0.0
2007,1984,23,16.0,0.0
1997,2004,7,14.720671786825553,0.0
1980,1993,13,0.0,0.0
2007,2007,0,5.977279923499917,5.977279923499917
1980,1991,11,0.0,0.0
1980,1991,11,0.0,0.0
1980,1992,12,0.0,0.0
1980,1986,6,0.0,0.0
2012,1990,22,14.862588931160623,0.0
1980,1984,4,0.0,0.0
1982,1984,2,4.0,0.0
1980,1995,15,0.0,0.0
1980,1990,10,0.0,0.0
1980,1986,6,0.0,0.0
1980,1981,1,0.0,0.0
1980,2008,28,0.0,0.0
1980,1986,6,0.0,0.0
2013,1986,27,63.39850002884624,0.0
1980,2011,31,0.0,0.0
1984,1981,3,12.965784284662087,0.0
1980,2002,22,0.0,0.0
2007,1990,17,17.569269691115043,0.0
2008,1984,24,15.965784284662085,0.0
1980,2010,30,0.0,0.0
2004,1998,6,8.784634845557521,0.0
1980,1989,9,0.0,0.0
1980,2001,21,0.0,0.0
2012,1986,26,18.13318235807536,0.0
1998,1982,16,12.679700005769249,0.0
1980,1980,0,0.0,0.0
1980,1986,6,0.0,0.0
1986,2008,22,44.91767875292167,0.0
1980,2002,22,0.0,0.0
1986,2002,16,12.679700005769249,0.0
1989,1999,10,25.931568569324174,0.0
1985,1982,3,13.176952268336281,0.0
2009,1988,21,10.339850002884624,0.0
1980,1988,8,0.0,0.0
1980,1982,2,0.0,0.0
2006,2006,0,20.8378134625158,20.8378134625158
1980,2000,20,0.0,0.0
1986,2005,19,12.679700005769249,0.0
1980,1998,18,0.0,0.0
1980,1989,9,0.0,0.0
1980,2014,34,0.0,0.0
1980,1998,18,0.0,0.0
1989,1996,7,4.754887502163468,0.0
1980,2002,22,0.0,0.0
1980,2012,32,0.0,0.0
1996,1985,11,12.0,0.0
1980,1993,13,0.0,0.0
1980,2012,32,0.0,0.0
1980,1981,1,0.0,0.0
1980,2002,22,0.0,0.0
1980,1988,8,0.0,0.0
1980,2010,30,0.0,0.0
1998,1993,5,23.967412385318696,0.0
1993,2001,8,131.0263588472951,0.0
1980,1997,17,0.0,0.0
1980,2000,20,0.0,0.0
1980,1982,2,0.0,0.0
1980,2014,34,0.0,0.0
1983,2006,23,29.603517745128737,0.0
1980,2009,29,0.0,0.0
1980,1982,2,0.0,0.0
1980,2000,20,0.0,0.0
1998,2004,6,13.287712379549449,0.0
1980,2010,30,0.0,0.0
1980,1992,12,0.0,0.0
1980,1990,10,0.0,0.0
1993,2005,12,16.67970000576925,0.0
1980,2003,23,0.0,0.0
1980,1994,14,0.0,0.0
1980,1992,12,0.0,0.0
1980,2008,28,0.0,0.0
1980,2003,23,0.0,0.0
1980,1986,6,0.0,0.0
1980,2002,22,0.0,0.0
1980,1998,18,0.0,0.0
1980,2014,34,0.0,0.0
1988,2012,24,27.509775004326933,0.0
1980,1984,4,0.0,0.0
1995,1983,12,39.412091674475505,0.0
1997,2014,17,16.07265601385425,0.0
2000,1983,17,5.727920454563199,0.0
1997,1989,8,4.0,0.0
1980,1983,3,0.0,0.0
1980,2001,21,0.0,0.0
1980,1983,3,0.0,0.0
1980,1985,5,0.0,0.0
1980,1982,2,0.0,0.0
1980,1991,11,0.0,0.0
2013,1991,22,12.509775004326936,0.0
1980,2005,25,0.0,0.0
1986,2015,29,14.801758872564369,0.0
1980,1993,13,0.0,0.0
1980,2001,21,0.0,0.0
2007,1992,15,11.720671786825557,0.0
1980,1984,4,0.0,0.0
2014,1980,34,22.68970136788598,0.0
1980,1981,1,0.0,0.0
1980,1981,1,0.0,0.0
1980,1992,12,0.0,0.0
1980,2010,30,0.0,0.0
1992,1981,11,12.509775004326936,0.0
1980,2009,29,0.0,0.0
2003,2014,11,6.507794640198696,0.0
1980,2002,22,0.0,0.0
2009,1996,13,6.339850002884624,0.0
2001,2006,5,15.627562382434075,0.0
1980,2009,29,0.0,0.0
1980,1997,17,0.0,0.0
1980,1983,3,0.0,0.0
1980,1986,6,0.0,0.0
1980,2001,21,0.0,0.0
2006,1995,11,17.28771237954945,0.0
2006,2015,9,17.28771237954945,0.0
2012,2003,9,16.278794264106292,0.0
2005,2010,5,32.353904536672566,0.0
2008,2005,3,15.262388523751017,0.0
1980,2010,30,0.0,0.0
1980,1984,4,0.0,0.0
1980,1981,1,0.0,0.0
1980,2013,33,0.0,0.0
2006,2002,4,129.05865002596164,5.78135971352466
1980,1985,5,0.0,0.0
1980,1992,12,0.0,0.0
1980,1993,13,0.0,0.0
1980,2014,34,0.0,0.0
2002,2010,8,33.14137173634208,0.0
1980,2008,28,0.0,0.0
1980,2012,32,0.0,0.0
1980,1990,10,0.0,0.0
2007,2013,6,15.743782540330756,0.0
2007,1997,10,15.743782540330756,0.0
1987,1997,10,22.20263830884655,0.0
2000,1986,14,40.0,0.0
2000,2015,15,40.0,0.0
2007,2015,8,16.37829485591189,0.0
1980,2004,24,0.0,0.0
1980,1988,8,0.0,0.0
1980,1994,14,0.0,0.0
1984,2001,17,21.9674123853187,0.0
1982,1997,15,8.422064766172811,0.0
2015,2013,2,18.094247824228052,0.0
1982,1998,16,11.101319154423274,0.0
1980,1990,10,0.0,0.0
2010,2010,0,81.89147427955945,81.89147427955945
2004,2003,1,18.5754247590989,0.0
1980,1999,19,0.0,0.0
1980,1985,5,0.0,0.0
1980,1986,6,0.0,0.0
1980,1991,11,0.0,0.0
1980,1994,14,0.0,0.0
1980,1990,10,0.0,0.0
1980,1997,17,0.0,0.0
1988,1992,4,14.801758872564369,0.0
1988,2013,25,14.801758872564369,0.0
2011,2008,3,12.509775004326936,0.0
1980,1987,7,0.0,0.0
1980,1990,10,0.0,0.0
1980,2005,25,0.0,0.0
1990,2013,23,25.287712379549447,0.0
1980,2002,22,0.0,0.0
1980,1998,18,0.0,0.0
1989,1983,6,22.458839376460833,0.0
1980,1990,10,0.0,0.0
1996,1998,2,15.3878490508349,0.0
2002,1999,3,18.339850002884624,0.0
1980,1980,0,0.0,0.0
1980,1983,3,0.0,0.0
2006,1980,26,12.679700005769249,0.0
1980,2014,34,0.0,0.0
2006,2011,5,16.67970000576925,0.0
1985,1984,1,31.25512476486815,0.0
1996,1990,6,22.094247824228052,0.0
1980,2001,21,0.0,0.0
2008,1982,26,15.0,0.0
1997,1980,17,18.91134224453131,0.0
1997,1980,17,22.202638308846552,0.0
1980,1983,3,0.0,0.0
1980,1989,9,0.0,0.0
2010,1985,25,25.637563744550807,0.0
2014,1999,15,14.720671786825553,0.0
2014,2008,6,14.720671786825553,0.0
2014,2008,6,14.720671786825553,0.0
1980,2008,28,0.0,0.0
1997,1990,7,36.0,0.0
1980,1999,19,0.0,0.0
1980,2013,33,0.0,0.0
1985,1993,8,11.229419688230417,0.0
1980,2009,29,0.0,0.0
1980,1986,6,0.0,0.0
1999,1991,8,9.400879436282183,0.0
1980,1998,18,0.0,0.0
1980,2010,30,0.0,0.0
1980,2000,20,0.0,0.0
1980,1996,16,0.0,0.0
1980,1986,6,0.0,0.0
1980,2003,23,0.0,0.0
2006,2010,4,9.715961990255144,0.0
1980,1983,3,12.0,0.0
1980,1991,11,0.0,0.0
1980,1989,9,0.0,0.0
1982,1983,1,16.0,0.0
1980,1981,1,0.0,0.0
1980,1984,4,0.0,0.0
1980,1983,3,0.0,0.0
1980,1991,11,0.0,0.0
2008,2002,6,24.0,0.0
1980,2011,31,0.0,0.0
1980,2008,28,0.0,0.0
1980,1983,3,0.0,0.0
1980,1983,3,0.0,0.0
1980,2005,25,0.0,0.0
1985,1999,14,5.247927513443585,0.0
1980,1990,10,0.0,0.0
1980,1984,4,0.0,0.0
2004,1984,20,41.300282125764056,0.0
2000,1997,3,21.287712379549447,0.0
1980,1987,7,0.0,0.0
1980,2012,32,0.0,0.0
2001,1985,16,21.964561209116564,0.0
1980,1988,8,0.0,0.0
2006,2009,3,15.229419688230415,0.0
1980,2008,28,0.0,0.0
1980,2009,29,0.0,0.0
1980,1990,10,0.0,0.0
1980,1993,13,0.0,0.0
1980,1993,13,0.0,0.0
1980,1987,7,0.0,0.0
1980,1994,14,0.0,0.0
1980,1994,14,0.0,0.0
1980,1990,10,0.0,0.0
1980,1996,16,0.0,0.0
1990,1994,4,64.82892142331043,0.0
2005,1988,17,10.754887502163468,0.0
1980,1982,2,0.0,0.0
2004,2002,2,20.536470152833125,0.0
2012,2006,6,16.278794264106292,0.0
2005,1983,22,16.61235019477392,0.0
2001,1992,9,4.087462841250339,0.0
1980,1998,18,0.0,0.0
1980,2011,31,0.0,0.0
1984,1992,8,16.349851365001356,0.0
2003,2014,11,18.094247824228052,0.0
1980,1986,6,0.0,0.0
1980,2000,20,0.0,0.0
1980,1994,14,0.0,0.0
2000,1981,19,13.287712379549449,0.0
2009,1985,24,18.5754247590989,0.0
2009,2005,4,18.5754247590989,0.0
2007,2008,1,10.60917873814198,0.0
2002,2002,0,26.63284593100718,26.63284593100718
1980,1982,2,0.0,0.0
1980,2010,30,0.0,0.0
1980,2014,34,0.0,0.0
1980,2003,23,0.0,0.0
2011,1982,29,14.720671786825553,0.0
1981,2000,19,10.339850002884624,0.0
2007,2009,2,11.229419688230417,0.0
2014,2004,10,16.66376655503291,0.0
2003,1986,17,10.339850002884624,0.0
1980,1999,19,0.0,0.0
1980,2014,34,0.0,0.0
1993,1980,13,52.707809073345125,16.349851365001356
1980,1984,4,0.0,0.0
1993,2014,21,7.754887502163467,0.0
1990,1982,8,66.60791492653965,0.0
1992,1994,2,33.50977500432694,0.0
2009,1990,19,27.86313713864835,0.0
1980,1980,0,0.0,0.0
1989,1985,4,32.69970273000271,0.0
1980,1988,8,0.0,0.0
1980,2003,23,0.0,0.0
1980,1993,13,0.0,0.0
1980,1985,5,0.0,0.0
1980,1999,19,0.0,0.0
1980,2001,21,0.0,0.0
1980,1992,12,0.0,0.0
1980,2012,32,0.0,0.0
1996,1989,7,24.014054533787935,0.0
1980,1982,2,0.0,0.0
1980,1989,9,0.0,0.0
2005,1999,6,16.349851365001356,0.0
2005,1981,24,16.349851365001356,0.0
2008,1980,28,11.047123912114026,0.0
1980,1989,9,0.0,0.0
1980,2001,21,0.0,0.0
1980,1987,7,0.0,0.0
1980,2010,30,0.0,0.0
1982,1985,3,10.339850002884624,0.0
1980,2014,34,0.0,0.0
1980,2014,34,0.0,0.0
1980,1993,13,0.0,0.0
1980,2007,27,0.0,0.0
1980,1980,0,0.0,0.0
1980,1990,10,0.0,0.0
1980,2000,20,0.0,0.0
1980,1988,8,0.0,0.0
1980,1986,6,0.0,0.0
1997,1994,3,44.405276617693104,15.62836009688685
1983,1980,3,23.441343573651114,0.0
2006,1988,18,17.569269691115043,0.0
2004,1993,11,11.109177703355275,0.0
1980,1982,2,0.0,0.0
1980,1980,0,0.0,0.0
2010,2015,5,14.101319154423276,10.339850002884624
1980,1982,2,0.0,0.0
1998,1988,10,16.0,0.0
1980,1995,15,0.0,0.0
1990,1994,4,14.339850002884626,0.0
1980,1980,0,0.0,0.0
2003,1982,21,19.431923980510287,0.0
1980,1999,19,0.0,0.0
2004,1996,8,14.801758872564369,0.0
1980,2002,22,0.0,0.0
1980,1994,14,0.0,0.0
2001,1992,9,16.99171005377434,0.0
1982,1999,17,8.422064766172811,0.0
1980,2005,25,0.0,0.0
1998,2012,14,27.509775004326933,0.0
2012,1988,24,16.278794264106292,0.0
1993,1990,3,15.229419688230415,0.0
1989,1991,2,12.679700005769249,0.0
1980,2010,30,0.0,0.0
1980,1994,14,0.0,0.0
1980,2007,27,0.0,0.0
1997,1999,2,9.400879436282183,0.0
1980,2013,33,0.0,0.0
1980,2007,27,0.0,0.0
1980,2013,33,0.0,0.0
1980,1981,1,0.0,0.0
1984,1998,14,39.633570483095,0.0
2008,1984,24,16.17695226833628,0.0
2013,2004,9,14.101319154423276,0.0
1987,2011,24,56.14709844115208,0.0
1998,2003,5,13.176952268336281,0.0
1983,1998,15,9.28771237954945,0.0
2007,1988,19,15.743782540330756,0.0
1980,1998,18,0.0,0.0
1995,2001,6,17.999999999999996,0.0
1980,1989,9,0.0,0.0
1993,1991,2,16.0,0.0
2010,2001,9,8.0,0.0
2013,1981,32,4.0,0.0
2006,2005,1,9.28771237954945,0.0
2013,1995,18,22.75488750216347,0.0
1980,1989,9,0.0,0.0
1980,2012,32,0.0,0.0
2002,2010,8,13.754887502163466,0.0
1980,1987,7,0.0,0.0
1999,1996,3,24.99171005377434,0.0
1980,2001,21,0.0,0.0
1980,1980,0,0.0,0.0
1980,1995,15,0.0,0.0
2009,2012,3,27.509775004326933,0.0
1980,2012,32,0.0,0.0
1980,2011,31,0.0,0.0
1982,1998,16,12.0,0.0
2011,1987,24,13.570685868171037,0.0
1991,1994,3,16.0,0.0
2013,1982,31,14.339850002884626,0.0
1980,1981,1,0.0,0.0
2013,1980,33,14.339850002884626,0.0
1980,2000,20,0.0,0.0
2006,2001,5,31.019550008653873,0.0
1998,2014,16,432.0,0.0
1980,1984,4,0.0,0.0
1980,1983,3,0.0,0.0
1980,1998,18,0.0,0.0
1980,1997,17,0.0,0.0
1980,1997,17,0.0,0.0
2011,2013,2,13.37829485591189,0.0
1988,1994,6,27.509775004326933,0.0
1980,2005,25,0.0,0.0
1980,2005,25,0.0,0.0
1980,1985,5,0.0,0.0
1980,2015,35,0.0,0.0
1980,2007,27,0.0,0.0
1980,2015,35,0.0,0.0
1980,1990,10,0.0,0.0
2004,2005,1,14.801758872564369,0.0
1980,1980,0,0.0,0.0
1980,2002,22,0.0,0.0
1994,1995,1,9.614709844115207,0.0
1980,2011,31,0.0,0.0
2012,2010,2,14.573942985382718,0.0
1980,1991,11,0.0,0.0
1980,2003,23,0.0,0.0
1980,2009,29,0.0,0.0
1980,1988,8,0.0,0.0
2010,1985,25,20.0,0.0
1998,1989,9,13.287712379549449,0.0
1980,2007,27,0.0,0.0
1980,2014,34,0.0,0.0
1980,2005,25,0.0,0.0
1994,1992,2,15.965784284662085,0.0
1980,1992,12,0.0,0.0
2007,2013,6,11.229419688230417,0.0
1980,1984,4,0.0,0.0
1980,1994,14,0.0,0.0
1980,2005,25,0.0,0.0
2006,1993,13,6.0,0.0
1980,2004,24,0.0,0.0
1980,1983,3,0.0,0.0
2012,1986,26,19.627562382434075,0.0
1980,1982,2,0.0,0.0
1980,1982,2,0.0,0.0
1980,1980,0,0.0,0.0
1980,2001,21,0.0,0.0
2011,1983,28,30.92315073593948,0.0
1991,1988,3,11.720671786825557,0.0
1980,1990,10,0.0,0.0
1980,1992,12,0.0,0.0
1980,1994,14,0.0,0.0
2003,1999,4,12.852529509404196,0.0
2007,1999,8,21.21835747628396,0.0
1980,1987,7,0.0,0.0
1996,2000,4,9.509775004326936,0.0
1980,2000,20,0.0,0.0
1997,1995,2,8.918863237274595,0.0
1980,2000,20,0.0,0.0
1980,1981,1,0.0,0.0
2009,1994,15,9.509775004326936,0.0
1980,1987,7,0.0,0.0
1980,2012,32,0.0,0.0
1980,1989,9,0.0,0.0
1983,1980,3,16.349851365001356,0.0
1980,1983,3,0.0,0.0
1980,1993,13,0.0,0.0
1980,1999,19,0.0,0.0
1980,2005,25,0.0,0.0
1980,2015,35,0.0,0.0
1980,2010,30,0.0,0.0
1993,1989,4,16.0,0.0
1980,1987,7,0.0,0.0
1980,1993,13,0.0,0.0
2008,1996,12,11.229419688230417,0.0
1980,2004,24,0.0,0.0
1980,1984,4,13.287712379549449,0.0
1980,1981,1,0.0,0.0
1980,2011,31,0.0,0.0
1980,1994,14,0.0,0.0
1999,1997,2,23.502198590705458,0.0
1980,1987,7,0.0,0.0
1980,2013,33,0.0,0.0
1980,2013,33,0.0,0.0
1984,2015,31,16.0,0.0
1980,1986,6,0.0,0.0
1994,1983,11,6.0,0.0
1988,2001,13,4.0,0.0
1980,2003,23,0.0,0.0
1980,1993,13,0.0,0.0
2004,2006,2,11.229419688230417,0.0
2000,1993,7,4.459431618637297,0.0
2006,1988,18,4.0,0.0
1980,1990,10,0.0,0.0
1991,2010,19,35.16201536047667,0.0
1980,1980,0,0.0,0.0
2003,2005,2,15.229419688230415,3.700439718141092
1980,2000,20,0.0,0.0
1980,2011,31,0.0,0.0
1980,1999,19,0.0,0.0
1991,2014,23,13.37829485591189,0.0
1997,2012,15,9.614709844115207,0.0
1997,2004,7,9.614709844115207,0.0
1980,1987,7,0.0,0.0
1981,2012,31,10.339850002884624,0.0
1980,1995,15,0.0,0.0
1980,1990,10,0.0,0.0
1982,2014,32,14.339850002884626,0.0
1980,2011,31,0.0,0.0
1980,1984,4,0.0,0.0
1980,1990,10,0.0,0.0
2000,1997,3,8.0,5.20945336562895
1980,2011,31,0.0,0.0
2011,1997,14,216.0,0.0
1994,1997,3,2.0,0.0
1999,2014,15,12.217048913556336,0.0
2003,2007,4,13.267371931265274,10.60917873814198
1980,1989,9,0.0,0.0
1980,2009,29,0.0,0.0
1980,1986,6,0.0,0.0
1980,1994,14,0.0,0.0
2010,2001,9,19.627562382434075,0.0
1980,1982,2,0.0,0.0
1980,1982,2,0.0,0.0
1980,1996,16,0.0,0.0
2014,1985,29,27.675452949098382,0.0
1988,2009,21,10.754887502163468,0.0
1980,2015,35,0.0,0.0
1980,1988,8,0.0,0.0
1988,1987,1,12.509775004326936,0.0
1980,1989,9,0.0,0.0
1980,2000,20,0.0,0.0
2010,2006,4,13.570685868171037,0.0
1980,2005,25,0.0,0.0
1980,2014,34,0.0,0.0
2012,2010,2,17.569269691115043,0.0
2010,2008,2,22.20263830884655,0.0
2005,1983,22,44.91767875292167,0.0
1980,1985,5,0.0,0.0
1980,2014,34,0.0,0.0
1980,1987,7,0.0,0.0
1980,2013,33,0.0,0.0
1980,1986,6,0.0,0.0
1980,2008,28,0.0,0.0
1980,2003,23,0.0,0.0
1980,2009,29,0.0,0.0
1980,2003,23,0.0,0.0
1980,2010,30,0.0,0.0
2005,2001,4,9.047123912114026,0.0
1991,1993,2,13.37829485591189,0.0
1980,2007,27,0.0,0.0
1980,1994,14,0.0,0.0
1980,2007,27,0.0,0.0
1980,1995,15,0.0,0.0
1980,2002,22,0.0,0.0
1980,2011,31,0.0,0.0
1980,2005,25,0.0,0.0
1980,1999,19,0.0,0.0
2014,2013,1,59.207035490257475,0.0
1980,1992,12,0.0,0.0
1980,2001,21,0.0,0.0
1980,1990,10,0.0,0.0
1997,1994,3,19.229419688230415,0.0
2002,1998,4,16.0,0.0
1980,2005,25,0.0,0.0
1980,2007,27,0.0,0.0
1980,2007,27,0.0,0.0
2010,1988,22,47.548875021634686,0.0
1980,1994,14,0.0,0.0
1980,1996,16,0.0,0.0
1996,2007,11,14.801758872564369,0.0
2012,1993,19,19.8167852415475,0.0
2004,2010,6,109.18960542823991,0.0
2004,2010,6,327.56881628471973,0.0
2004,1988,16,109.18960542823991,0.0
1998,1995,3,14.720671786825553,0.0
2005,1998,7,16.931568569324174,0.0
1980,1998,18,0.0,0.0
1980,1998,18,0.0,0.0
1997,2000,3,31.570685868171037,0.0
1997,2006,9,31.570685868171037,0.0
1980,2003,23,0.0,0.0
1997,2012,15,15.965784284662085,0.0
1980,2007,27,0.0,0.0
1980,1995,15,0.0,0.0
1980,1994,14,0.0,0.0
2005,1995,10,19.621737111009175,0.0
1980,2015,35,0.0,0.0
1980,2012,32,0.0,0.0
2013,2005,8,10.754887502163468,0.0
1980,1981,1,0.0,0.0
1980,1999,19,0.0,0.0
1980,1995,15,0.0,0.0
1980,2015,35,0.0,0.0
1980,1984,4,0.0,0.0
1980,2014,34,0.0,0.0
1980,2005,25,0.0,0.0
1980,2013,33,0.0,0.0
1980,2000,20,0.0,0.0
1993,2013,20,15.229419688230415,0.0
1984,2014,30,8.643856189774725,0.0
2002,2009,7,17.569269691115043,0.0
2002,2006,4,17.569269691115043,0.0
1980,1995,15,0.0,0.0
1980,2009,29,0.0,0.0
1980,2011,31,0.0,0.0
1980,2014,34,0.0,0.0
1980,2000,20,0.0,0.0
1980,2000,20,0.0,0.0
1980,2005,25,0.0,0.0
1980,2013,33,0.0,0.0
1980,2011,31,0.0,0.0
1980,2007,27,0.0,0.0
1980,1987,7,0.0,0.0
1981,1983,2,32.0,0.0
1980,1981,1,0.0,0.0
1980,2008,28,0.0,0.0
1991,1984,7,9.28771237954945,0.0
1980,1988,8,0.0,0.0
2006,2005,1,9.715961990255144,0.0
2002,1999,3,27.14137173634208,0.0
2005,2013,8,31.712413313173485,0.0
1980,2008,28,0.0,0.0
2009,2005,4,14.720671786825553,0.0
2012,1980,32,26.353904536672562,0.0
2000,2000,0,10.339850002884624,10.339850002884624
2000,2007,7,10.339850002884624,0.0
1980,1993,13,0.0,0.0
2002,2011,9,14.101319154423276,0.0
2002,2000,2,14.101319154423276,0.0
1980,2005,25,0.0,0.0
2002,2013,11,5.169925001442312,0.0
1980,2003,23,0.0,0.0
1980,1980,0,0.0,0.0
1980,2004,24,0.0,0.0
1980,1997,17,0.0,0.0
1989,2000,11,4.857980995127572,0.0
2003,1982,21,28.264356761831092,0.0
1980,2007,27,0.0,0.0
1980,2009,29,0.0,0.0
1981,1983,2,9.28771237954945,0.0
1980,1987,7,0.0,0.0
1980,2000,20,0.0,0.0
1980,1995,15,0.0,0.0
1981,1995,14,9.509775004326936,0.0
1980,2003,23,0.0,0.0
2009,2007,2,46.43856189774725,0.0
1980,1987,7,0.0,0.0
1980,2003,23,0.0,0.0
1980,2003,23,0.0,0.0
1980,1980,0,0.0,0.0
1980,2008,28,0.0,0.0
2008,1983,25,10.339850002884624,0.0
1987,2010,23,14.339850002884626,0.0
1980,2010,30,0.0,0.0
1980,1999,19,0.0,0.0
1980,2011,31,0.0,0.0
1985,1996,11,15.229419688230415,0.0
2005,2014,9,4.754887502163468,0.0
2006,2012,6,5.491853096329675,0.0
1980,2009,29,0.0,0.0
1980,2012,32,0.0,0.0
1980,1989,9,0.0,0.0
1980,1997,17,0.0,0.0
2006,2013,7,14.573942985382718,0.0
1980,1998,18,0.0,0.0
1999,1991,8,23.774437510817343,0.0
1995,1996,1,11.715961990255144,0.0
1980,1994,14,0.0,0.0
2003,2001,2,24.575424759098897,0.0
1980,1988,8,0.0,0.0
1990,2011,21,11.101319154423274,0.0
1980,1999,19,0.0,0.0
1980,1985,5,0.0,0.0
1980,1990,10,0.0,0.0
2001,2006,5,96.57545229718252,0.0
1980,1998,18,0.0,0.0
1980,1991,11,0.0,0.0
1980,1990,10,0.0,0.0
1980,2014,34,0.0,0.0
1980,2011,31,0.0,0.0
1980,2012,32,0.0,0.0
1980,2012,32,0.0,0.0
1980,2010,30,0.0,0.0
1980,2014,34,0.0,0.0
1980,2009,29,0.0,0.0
1999,1983,16,12.818781872275403,0.0
1980,1989,9,0.0,0.0
1980,2014,34,0.0,0.0
1980,1990,10,0.0,0.0
1980,2008,28,0.0,0.0
1980,2005,25,0.0,0.0
1995,1995,0,4.0,4.0
1980,1995,15,0.0,0.0
1980,2002,22,0.0,0.0
1980,1981,1,0.0,0.0
1980,2015,35,0.0,0.0
1980,1994,14,0.0,0.0
1980,1999,19,0.0,0.0
1980,1997,17,0.0,0.0
1984,2011,27,8.918863237274595,0.0
1980,2012,32,0.0,0.0
1980,2003,23,0.0,0.0
2003,1991,12,17.101319154423276,0.0
2012,2012,0,14.422064766172811,14.422064766172811
1980,1996,16,0.0,0.0
1980,2000,20,12.0,0.0
prediction,actual,diff,predSCore,actScore
2012,2009,3,4.247927513443585,0.0
1994,1993,1,18.094247824228052,0.0
1980,1984,4,0.0,0.0
1980,1985,5,0.0,0.0
1980,2013,33,0.0,0.0
1980,2014,34,0.0,0.0
1980,2013,33,0.0,0.0
2012,2013,1,19.019550008653873,0.0
1980,2013,33,0.0,0.0
1980,2014,34,0.0,0.0
1980,1980,0,0.0,0.0
2004,2015,11,25.359400011538497,0.0
2011,1999,12,13.931568569324176,0.0
1980,2000,20,0.0,0.0
1989,1996,7,12.044735626056909,0.0
1980,2004,24,0.0,0.0
1980,1983,3,0.0,0.0
2008,2001,7,29.93156856932417,0.0
1980,2013,33,0.0,0.0
2009,2014,5,12.743782540330756,0.0
2005,2013,8,20.349851365001356,0.0
1980,2002,22,0.0,0.0
1980,1982,2,0.0,0.0
1980,1985,5,0.0,0.0
1980,1995,15,0.0,0.0
1980,1987,7,0.0,0.0
1980,1990,10,0.0,0.0
1980,1991,11,0.0,0.0
1992,1986,6,12.679700005769249,0.0
2011,1999,12,23.670521837254977,0.0
1980,2000,20,0.0,0.0
1997,1986,11,19.965784284662085,0.0
1980,1987,7,0.0,0.0
2001,1993,8,32.75658971182378,0.0
1980,1987,7,0.0,0.0
1980,1987,7,0.0,0.0
1980,2010,30,0.0,0.0
1980,1991,11,0.0,0.0
1980,1989,9,0.0,0.0
1980,2011,31,0.0,0.0
1980,1980,0,0.0,0.0
1980,1983,3,0.0,0.0
1980,2012,32,0.0,0.0
1980,1994,14,0.0,0.0
1996,1994,2,33.68825906469125,0.0
1996,1982,14,33.68825906469125,0.0
1996,1984,12,33.68825906469125,0.0
1980,1983,3,0.0,0.0
1980,1994,14,0.0,0.0
1980,1988,8,0.0,0.0
1998,2003,5,13.837726474549191,0.0
1980,1984,4,0.0,0.0
1980,2006,26,0.0,0.0
1980,1999,19,0.0,0.0
1980,1987,7,0.0,0.0
1980,2007,27,0.0,0.0
1980,1989,9,0.0,0.0
1988,1982,6,15.627562382434075,0.0
1980,2014,34,0.0,0.0
1980,1999,19,0.0,0.0
1980,2014,34,0.0,0.0
1980,2005,25,0.0,0.0
1980,2005,25,0.0,0.0
1980,2007,27,0.0,0.0
1991,2009,18,4.0,0.0
1980,1996,16,0.0,0.0
1981,1988,7,22.458839376460833,0.0
2000,1984,16,4.0,0.0
1980,2004,24,0.0,0.0
1992,1994,2,12.379649117760033,0.0
2002,1999,3,8.442943495848727,0.0
1980,1989,9,0.0,0.0
1980,2003,23,0.0,0.0
1997,2014,17,8.918863237274595,0.0
1980,1995,15,0.0,0.0
1980,1997,17,0.0,0.0
1994,1992,2,18.801758872564367,0.0
1980,2014,34,0.0,0.0
1980,2012,32,0.0,0.0
2009,2007,2,9.509775004326936,0.0
2008,1985,23,5.954196310386875,0.0
1980,2010,30,0.0,0.0
2013,2009,4,25.13733738676101,24.661833756229232
1994,2003,9,25.019550008653873,0.0
1980,1989,9,0.0,0.0
1980,1999,19,0.0,0.0
2013,1986,27,12.679700005769249,0.0
1980,1991,11,0.0,0.0
1980,1998,18,0.0,0.0
1980,2009,29,0.0,0.0
2002,2003,1,11.229419688230417,0.0
1980,2008,28,0.0,0.0
1981,1997,16,8.0,0.0
2009,1999,10,12.965784284662087,0.0
1980,1997,17,0.0,0.0
1980,1996,16,0.0,0.0
1980,2011,31,0.0,0.0
1980,2012,32,0.0,0.0
1980,2012,32,0.0,0.0
1994,2011,17,54.28274347268416,0.0
1997,1997,0,34.20263830884655,34.20263830884655
1980,2002,22,0.0,0.0
1980,2008,28,0.0,0.0
1994,2008,14,10.339850002884624,0.0
1980,2014,34,0.0,0.0
2006,1988,18,67.96684021509736,0.0
1980,1982,2,0.0,0.0
1980,2004,24,0.0,0.0
1980,1981,1,0.0,0.0
2005,1984,21,124.9585502688717,0.0
2002,2004,2,12.743782540330756,0.0
1980,1993,13,0.0,0.0
1980,2007,27,0.0,0.0
1980,1991,11,0.0,0.0
1980,1991,11,0.0,0.0
1992,1992,0,11.665780028329484,11.665780028329484
1980,1986,6,0.0,0.0
1980,1990,10,0.0,0.0
1980,1984,4,0.0,0.0
1986,1984,2,11.101319154423274,0.0
2013,1995,18,15.62836009688685,0.0
1992,1990,2,58.82643049361842,0.0
2006,1986,20,9.28771237954945,0.0
1980,1981,1,0.0,0.0
1980,2008,28,0.0,0.0
1997,1986,11,35.67545294909838,0.0
1997,1986,11,35.67545294909838,0.0
1980,2011,31,0.0,0.0
1995,1981,14,8.0,0.0
1987,2002,15,8.643856189774725,0.0
2013,1990,23,15.229419688230415,0.0
1980,1984,4,0.0,0.0
1999,2010,11,26.999999999999993,0.0
1981,1998,17,11.229419688230417,9.90839262077375
1980,1989,9,0.0,0.0
2003,2001,2,12.0,0.0
2003,1986,17,12.0,0.0
1982,1982,0,38.774437510817336,38.774437510817336
1980,1980,0,0.0,0.0
1980,1986,6,0.0,0.0
1996,2008,12,112.58797503894245,0.0
1980,2002,22,0.0,0.0
2002,2002,0,9.90839262077375,9.90839262077375
1980,1999,19,0.0,0.0
1980,1982,2,0.0,0.0
1980,1988,8,0.0,0.0
2009,1988,21,15.856206656586743,0.0
1980,1982,2,0.0,0.0
1980,2006,26,0.0,0.0
1980,2000,20,0.0,0.0
1980,2005,25,0.0,0.0
1980,1998,18,0.0,0.0
1980,1989,9,0.0,0.0
1980,2014,34,0.0,0.0
1980,1998,18,0.0,0.0
2007,1996,11,33.3594000115385,0.0
1994,2002,8,144.0,0.0
1999,2012,13,20.885886991697454,0.0
2003,1985,18,26.871306124686853,0.0
1980,1993,13,0.0,0.0
1996,2012,16,18.094247824228052,0.0
2002,1981,21,25.359400011538497,0.0
1980,2002,22,0.0,0.0
1986,1988,2,71.69925001442313,0.0
1983,2010,27,3.0,0.0
1980,1993,13,0.0,0.0
2002,2001,1,16.67970000576925,0.0
2005,1997,8,4.954196310386875,0.0
1997,2000,3,11.229419688230417,0.0
1995,1982,13,62.039100017307746,0.0
1980,2014,34,0.0,0.0
1980,2006,26,0.0,0.0
1980,2009,29,0.0,0.0
1997,1982,15,12.0,0.0
1980,2000,20,0.0,0.0
1980,2004,24,0.0,0.0
1980,2010,30,0.0,0.0
1980,1992,12,0.0,0.0
1980,1990,10,0.0,0.0
1980,2005,25,0.0,0.0
1980,2003,23,0.0,0.0
1980,1994,14,0.0,0.0
2000,1992,8,5.285402218862248,0.0
1980,2008,28,0.0,0.0
1980,2003,23,0.0,0.0
2008,1986,22,14.573942985382718,0.0
1980,2002,22,0.0,0.0
1981,1998,17,11.229419688230417,0.0
2007,2014,7,15.229419688230415,0.0
1980,2012,32,0.0,0.0
2000,1984,16,12.0,0.0
1990,1983,7,17.28771237954945,0.0
1987,2014,27,13.287712379549449,0.0
1990,1983,7,12.0,0.0
1999,1989,10,6.339850002884624,0.0
1980,1983,3,0.0,0.0
2000,2001,1,20.99171005377434,0.0
2002,1983,19,11.422064766172811,0.0
1980,1985,5,0.0,0.0
1980,1982,2,0.0,0.0
1980,1991,11,0.0,0.0
1980,1991,11,0.0,0.0
1980,2005,25,0.0,0.0
1980,2015,35,0.0,0.0
1980,1993,13,0.0,0.0
2008,2001,7,46.88268714730222,0.0
1980,1992,12,0.0,0.0
1980,1984,4,0.0,0.0
1980,1980,0,0.0,0.0
1980,1981,1,0.0,0.0
1980,1981,1,0.0,0.0
1980,1992,12,0.0,0.0
1980,2010,30,0.0,0.0
1980,1981,1,0.0,0.0
1980,2009,29,0.0,0.0
2012,2014,2,11.720671786825555,0.0
1980,2002,22,0.0,0.0
1980,1996,16,0.0,0.0
1980,2006,26,0.0,0.0
1980,2009,29,0.0,0.0
2000,1997,3,38.9067985676233,0.0
1980,1983,3,0.0,0.0
1980,1986,6,0.0,0.0
2014,2001,13,8.0,0.0
2014,1995,19,8.0,0.0
1980,2015,35,0.0,0.0
1980,2003,23,0.0,0.0
1980,2010,30,0.0,0.0
1980,2005,25,0.0,0.0
1998,2010,12,11.229419688230417,0.0
1980,1984,4,0.0,0.0
1980,1981,1,8.422064766172811,0.0
1996,2013,17,14.862588931160623,0.0
2003,2002,1,8.0,0.0
2012,1985,27,19.627562382434075,0.0
2002,1992,10,4.0,0.0
1980,1993,13,0.0,0.0
1992,2014,22,101.95026032264605,0.0
1980,2010,30,0.0,0.0
1980,2008,28,0.0,0.0
2005,2012,7,83.68191892899883,0.0
1980,1990,10,0.0,0.0
1980,2013,33,0.0,0.0
1980,1997,17,0.0,0.0
1980,1997,17,0.0,0.0
1980,1986,6,0.0,0.0
1987,2015,28,15.627562382434075,0.0
2013,2015,2,20.67970000576925,0.0
1980,2004,24,0.0,0.0
1980,1988,8,0.0,0.0
1980,1994,14,0.0,0.0
2004,2001,3,21.159480269798348,18.62836009688685
1980,1997,17,0.0,0.0
1997,2013,16,7.219168520462161,0.0
2000,1998,2,19.431923980510287,0.0
1980,1990,10,0.0,0.0
2012,2010,2,13.837726474549191,0.0
1994,2003,9,14.339850002884626,0.0
1996,1999,3,6.3750394313469245,0.0
2002,1985,17,10.339850002884624,0.0
1980,1986,6,0.0,0.0
1980,1991,11,0.0,0.0
1995,1994,1,70.88268714730222,0.0
1998,1990,8,13.287712379549449,0.0
1980,1997,17,0.0,0.0
1980,1992,12,0.0,0.0
1989,2013,24,9.400879436282183,0.0
1980,2008,28,0.0,0.0
1980,1987,7,0.0,0.0
1980,1990,10,0.0,0.0
1980,2005,25,0.0,0.0
2006,2013,7,12.743782540330756,0.0
2007,2002,5,18.5754247590989,0.0
1980,1998,18,0.0,0.0
1984,1983,1,52.38791418615039,0.0
2010,1990,20,14.339850002884626,0.0
1996,1998,2,12.262388523751017,0.0
1995,1999,4,18.339850002884624,0.0
1980,1980,0,0.0,0.0
1980,1983,3,0.0,0.0
2014,1980,34,36.67970000576925,0.0
1980,2014,34,0.0,0.0
1980,2011,31,0.0,0.0
1986,1984,2,45.0,0.0
1993,1990,3,5.672425341971495,0.0
1983,2001,18,15.262388523751017,0.0
1983,1982,1,15.262388523751017,0.0
1992,1980,12,10.339850002884624,0.0
1980,1980,0,0.0,0.0
1980,1983,3,0.0,0.0
1980,1989,9,0.0,0.0
1982,1985,3,17.569269691115043,0.0
1980,1999,19,0.0,0.0
1997,2008,11,62.039100017307746,0.0
1980,2008,28,0.0,0.0
1980,2008,28,0.0,0.0
1980,1990,10,0.0,0.0
2004,1999,5,55.163547152504705,0.0
1982,2013,31,15.627562382434075,0.0
1980,1993,13,0.0,0.0
1980,2009,29,0.0,0.0
1980,1986,6,0.0,0.0
1980,1991,11,0.0,0.0
1980,1998,18,0.0,0.0
2008,2010,2,4.754887502163468,0.0
1980,2000,20,0.0,0.0
1990,1996,6,16.0,0.0
1980,1986,6,0.0,0.0
1980,2003,23,0.0,0.0
1980,2010,30,0.0,0.0
1980,1983,3,0.0,0.0
1986,1991,5,11.101319154423274,0.0
1980,1989,9,0.0,0.0
1984,1983,1,31.48756508066151,0.0
1980,1981,1,0.0,0.0
1989,1984,5,12.679700005769249,0.0
2000,1983,17,12.0,0.0
1980,1991,11,0.0,0.0
1980,2002,22,0.0,0.0
1993,2011,18,15.229419688230415,0.0
2006,2008,2,9.614709844115207,0.0
1997,1983,14,5.554588851677638,0.0
1980,1983,3,0.0,0.0
1999,2005,6,41.3594000115385,0.0
1986,1999,13,15.627562382434075,0.0
2003,1990,13,14.339850002884626,0.0
1980,1984,4,0.0,0.0
1980,1984,4,0.0,0.0
1998,1997,1,70.27707876446017,0.0
1980,1987,7,0.0,0.0
2002,2012,10,5.247927513443585,0.0
1980,1985,5,0.0,0.0
1980,1988,8,0.0,0.0
2002,2009,7,16.66376655503291,0.0
2006,2008,2,19.229419688230415,0.0
1980,2009,29,0.0,0.0
1989,1990,1,16.349851365001356,0.0
1993,1993,0,16.0,16.0
2001,1993,8,18.801758872564367,0.0
1980,1987,7,0.0,0.0
1980,1994,14,0.0,0.0
2002,1994,8,12.262388523751017,0.0
1980,1990,10,0.0,0.0
1980,1996,16,0.0,0.0
1980,1994,14,0.0,0.0
2012,1988,24,19.627562382434075,0.0
1987,1982,5,5.392317422778761,0.0
1980,2002,22,0.0,0.0
1980,2006,26,0.0,0.0
2013,1983,30,23.04702336930854,0.0
1980,1992,12,0.0,0.0
1999,1998,1,4.807354922057604,0.0
1980,2011,31,0.0,0.0
1991,1992,1,27.491808211981432,0.0
1990,2014,24,11.422064766172811,0.0
1980,1986,6,0.0,0.0
2006,2000,6,24.0,0.0
1983,1994,11,16.99171005377434,0.0
1995,1981,14,13.754887502163468,0.0
2002,1985,17,13.109177703355273,0.0
1990,2005,15,14.801758872564369,0.0
1980,2008,28,0.0,0.0
1980,2002,22,0.0,0.0
1980,1982,2,0.0,0.0
2003,2010,7,166.05271769459026,0.0
1980,2014,34,0.0,0.0
1980,2003,23,0.0,0.0
1980,1982,2,0.0,0.0
1980,2000,20,0.0,0.0
1980,2009,29,0.0,0.0
1980,2004,24,0.0,0.0
1995,1986,9,11.229419688230417,0.0
1992,1999,7,13.176952268336281,0.0
1980,2014,34,0.0,0.0
1980,1980,0,0.0,0.0
1980,1984,4,0.0,0.0
1980,2014,34,0.0,0.0
1980,1982,2,0.0,0.0
2005,1994,11,9.047123912114026,0.0
2008,1990,18,10.754887502163468,0.0
1980,1980,0,0.0,0.0
1980,1985,5,0.0,0.0
1980,1988,8,0.0,0.0
1980,2003,23,0.0,0.0
1980,1993,13,0.0,0.0
1980,1985,5,0.0,0.0
1993,1999,6,17.28771237954945,0.0
1997,2001,4,11.61470984411521,0.0
1980,1992,12,0.0,0.0
2004,2012,8,36.07273729910771,0.0
2011,1989,22,12.965784284662087,0.0
1980,1982,2,0.0,0.0
1998,1989,9,110.70181179639351,0.0
1980,1999,19,0.0,0.0
2009,1981,28,92.3270943050094,0.0
1980,1980,0,0.0,0.0
1980,1989,9,0.0,0.0
2003,2001,2,15.87596527883688,12.509775004326936
1980,1987,7,0.0,0.0
1990,2010,20,12.0,0.0
1980,1985,5,0.0,0.0
1980,2014,34,0.0,0.0
1980,2014,34,0.0,0.0
1980,1993,13,0.0,0.0
1994,2007,13,38.039100017307746,0.0
1980,1980,0,0.0,0.0
1997,1990,7,10.339850002884624,0.0
1980,2000,20,0.0,0.0
1980,1988,8,0.0,0.0
1984,1986,2,14.339850002884626,0.0
1980,1994,14,0.0,0.0
1980,1980,0,0.0,0.0
1980,1988,8,0.0,0.0
1980,1993,13,0.0,0.0
1980,1982,2,0.0,0.0
1985,1980,5,14.801758872564369,0.0
1980,2015,35,0.0,0.0
1994,1982,12,16.0,0.0
1986,1988,2,9.509775004326936,0.0
1980,1995,15,0.0,0.0
1980,1994,14,0.0,0.0
1980,1980,0,0.0,0.0
1980,1982,2,0.0,0.0
2008,1999,9,25.287712379549447,11.229419688230417
2010,1996,14,13.754887502163466,0.0
1990,2002,12,12.0,0.0
1980,1994,14,0.0,0.0
1980,1992,12,0.0,0.0
1987,1999,12,93.01398665684614,0.0
1996,2005,9,4.523561956057013,0.0
2013,2012,1,17.569269691115043,0.0
1980,1988,8,0.0,0.0
2013,1990,23,17.569269691115043,0.0
1996,1991,5,12.679700005769249,0.0
1994,2010,16,25.58639371812189,0.0
1980,1994,14,0.0,0.0
1980,2007,27,0.0,0.0
1997,1999,2,4.087462841250339,0.0
1980,2013,33,0.0,0.0
2005,2007,2,6.9188632372745955,0.0
2003,2013,10,12.0,0.0
1980,1981,1,0.0,0.0
1993,1998,5,15.229419688230415,0.0
2005,1984,21,89.17108747690874,0.0
2009,2004,5,18.339850002884624,0.0
1980,2011,31,0.0,0.0
2014,2003,11,12.262388523751017,0.0
2003,1998,5,14.339850002884626,0.0
1998,1988,10,12.509775004326936,0.0
1980,1998,18,0.0,0.0
1990,2001,11,26.575424759098897,0.0
2004,1989,15,28.221129742004756,0.0
1980,1991,11,0.0,0.0
2004,2001,3,9.199672344836364,0.0
1996,1981,15,18.62836009688685,0.0
1980,2005,25,0.0,0.0
2003,1995,8,17.017276025914484,0.0
1980,1989,9,0.0,0.0
1981,2012,31,11.229419688230417,0.0
1980,2010,30,0.0,0.0
1980,1987,7,16.67970000576925,0.0
2009,1996,13,14.422064766172811,0.0
1988,2001,13,15.627562382434075,0.0
2003,1980,23,17.017276025914484,0.0
1980,1995,15,0.0,0.0
2005,2012,7,10.378294855911891,0.0
1980,2012,32,0.0,0.0
1980,2011,31,0.0,0.0
2009,1998,11,22.84962500721156,15.229419688230415
2009,1987,22,22.84962500721156,0.0
1980,1994,14,12.743782540330756,0.0
2004,1982,22,29.83772647454919,0.0
2015,1981,34,19.8167852415475,0.0
1980,1980,0,0.0,0.0
1980,2000,20,0.0,0.0
1980,2001,21,0.0,0.0
1996,2014,18,25.359400011538497,0.0
1980,1984,4,0.0,0.0
1980,1983,3,0.0,0.0
1980,1998,18,0.0,0.0
1980,1997,17,0.0,0.0
1980,1997,17,0.0,0.0
2006,2013,7,14.264662506490405,0.0
2005,1994,11,35.8636795409995,0.0
1980,2005,25,0.0,0.0
1980,2005,25,0.0,0.0
1980,1985,5,0.0,0.0
1980,2015,35,0.0,0.0
1980,2007,27,0.0,0.0
1980,2015,35,0.0,0.0
2003,1990,13,71.69925001442313,0.0
1980,2005,25,0.0,0.0
2013,1980,33,16.349851365001356,0.0
1980,2002,22,0.0,0.0
1989,1995,6,13.931568569324176,0.0
2001,2011,10,12.0,0.0
1980,2010,30,0.0,0.0
1980,1991,11,0.0,0.0
1993,2003,10,5.672425341971495,0.0
1980,2009,29,0.0,0.0
1980,1988,8,0.0,0.0
1980,1985,5,0.0,0.0
1980,1989,9,0.0,0.0
1980,2007,27,0.0,0.0
2013,2014,1,16.349851365001356,0.0
1983,2005,22,20.8378134625158,0.0
1980,1992,12,0.0,0.0
1980,1992,12,0.0,0.0
1980,2013,33,0.0,0.0
1980,1984,4,0.0,0.0
1980,1994,14,0.0,0.0
1980,2005,25,0.0,0.0
1980,1993,13,0.0,0.0
1980,2004,24,0.0,0.0
1980,1983,3,0.0,0.0
1990,1986,4,13.287712379549449,0.0
2007,1982,25,16.66376655503291,0.0
1980,1982,2,0.0,0.0
2010,1980,30,26.856982070664493,0.0
1993,2001,8,34.45883937646083,0.0
1980,1983,3,0.0,0.0
2005,1988,17,9.28771237954945,0.0
1980,1990,10,0.0,0.0
1998,1992,6,17.569269691115043,0.0
2009,1994,15,15.262388523751017,0.0
1980,1999,19,0.0,0.0
2007,1999,8,11.509775004326938,0.0
1980,1987,7,0.0,0.0
1980,2000,20,0.0,0.0
1986,2000,14,15.627562382434075,0.0
1980,1995,15,0.0,0.0
2008,2000,8,10.513727595952437,0.0
1980,1981,1,0.0,0.0
1980,1994,14,0.0,0.0
2004,1987,17,27.8003596220847,0.0
1980,2012,32,0.0,0.0
1980,1989,9,0.0,0.0
2009,1980,29,116.5915438830617,0.0
2013,1983,30,8.0,0.0
1990,1993,3,50.97513016132302,0.0
1990,1999,9,67.96684021509736,0.0
1980,2005,25,0.0,0.0
1980,2015,35,0.0,0.0
1980,2010,30,0.0,0.0
1980,1989,9,0.0,0.0
1980,1987,7,0.0,0.0
2008,1993,15,21.027455191904874,0.0
1980,1996,16,0.0,0.0
1980,2004,24,0.0,0.0
1980,1984,4,16.349851365001356,0.0
1980,1981,1,0.0,0.0
2011,2011,0,7.857980995127573,7.857980995127573
1980,1994,14,0.0,0.0
1980,1997,17,0.0,0.0
1980,1987,7,0.0,0.0
2003,2013,10,13.837726474549191,0.0
1990,2013,23,16.67970000576925,6.339850002884624
1980,2015,35,0.0,0.0
1980,1986,6,0.0,0.0
1980,1983,3,0.0,0.0
1998,2001,3,16.17695226833628,0.0
2001,2003,2,16.349851365001356,0.0
1980,1993,13,0.0,0.0
1980,2006,26,0.0,0.0
1980,1993,13,0.0,0.0
1999,1988,11,8.0,0.0
2006,1990,16,6.247927513443585,0.0
1980,2010,30,0.0,0.0
2007,1980,27,11.400879436282185,0.0
1995,2005,10,16.67970000576925,0.0
1980,2000,20,40.0,0.0
1980,2011,31,0.0,0.0
1991,1999,8,31.25512476486815,0.0
1980,2014,34,0.0,0.0
1980,2012,32,0.0,0.0
2013,2004,9,43.01955000865387,0.0
2006,1987,19,49.04955409500407,0.0
1993,2012,19,20.8378134625158,0.0
1980,1995,15,0.0,0.0
2000,1990,10,15.229419688230417,0.0
2005,2014,9,14.339850002884626,13.754887502163466
1980,2011,31,0.0,0.0
2014,1984,30,110.03910001730773,0.0
2010,1990,20,69.18863237274596,0.0
1980,1997,17,6.339850002884624,0.0
2006,2011,5,38.89735285398626,0.0
2003,1997,6,128.75658971182378,0.0
1980,1997,17,0.0,0.0
1980,2014,34,0.0,0.0
1980,2007,27,0.0,0.0
1980,1989,9,0.0,0.0
2001,2009,8,32.69970273000271,0.0
1980,1986,6,0.0,0.0
1980,1994,14,0.0,0.0
1982,2001,19,128.0,0.0
1980,1982,2,0.0,0.0
2009,1982,27,987.8202099554451,0.0
2007,1996,11,27.675452949098382,0.0
1980,1985,5,0.0,0.0
1980,2009,29,0.0,0.0
1980,2015,35,0.0,0.0
1988,1988,0,8.339850002884624,8.339850002884624
1999,1987,12,8.0,0.0
1980,1989,9,0.0,0.0
1980,2000,20,0.0,0.0
1990,2006,16,8.422064766172811,0.0
1991,2005,14,13.837726474549191,0.0
1980,2014,34,0.0,0.0
1980,2010,30,0.0,0.0
1980,2008,28,0.0,0.0
1990,1983,7,6.066089190457772,0.0
1980,1985,5,0.0,0.0
2002,2014,12,11.422064766172811,0.0
1993,1987,6,29.603517745128737,0.0
1980,2013,33,0.0,0.0
1980,1986,6,0.0,0.0
1987,2008,21,12.0,0.0
1980,2003,23,0.0,0.0
1997,2009,12,5.169925001442312,0.0
1980,2003,23,0.0,0.0
1980,2010,30,0.0,0.0
1986,2001,15,14.339850002884626,0.0
1983,1993,10,13.931568569324176,0.0
2010,2007,3,19.627562382434075,0.0
2005,1994,11,45.73231091673826,0.0
1980,2007,27,0.0,0.0
1980,1995,15,0.0,0.0
1980,2002,22,0.0,0.0
1980,2011,31,0.0,0.0
1980,2005,25,0.0,0.0
2005,1999,6,37.19970431175743,0.0
1980,2013,33,0.0,0.0
1980,1992,12,0.0,0.0
1980,2001,21,0.0,0.0
1980,1990,10,0.0,0.0
1980,1994,14,0.0,0.0
1980,1998,18,0.0,0.0
1980,2005,25,0.0,0.0
1980,2007,27,0.0,0.0
1980,2007,27,0.0,0.0
1980,1988,8,0.0,0.0
2008,1994,14,31.54118278785731,0.0
1980,1996,16,0.0,0.0
1992,2007,15,8.49585502688717,0.0
1985,1993,8,11.229419688230417,0.0
1980,2010,30,0.0,0.0
2004,2010,6,10.339850002884624,0.0
1980,1988,8,0.0,0.0
1980,1995,15,0.0,0.0
1980,1998,18,0.0,0.0
1980,1998,18,0.0,0.0
2015,1998,17,18.094247824228052,0.0
1980,2000,20,0.0,0.0
1980,2006,26,0.0,0.0
1980,2003,23,0.0,0.0
1996,2012,16,10.088788238716907,0.0
1986,2007,21,5.523561956057013,0.0
1980,1995,15,0.0,0.0
2004,1994,10,9.28771237954945,0.0
1980,1995,15,0.0,0.0
1990,2015,25,9.28771237954945,0.0
2007,2012,5,14.801758872564369,0.0
1980,2005,25,0.0,0.0
1980,1981,1,0.0,0.0
2013,1999,14,14.573942985382718,0.0
1980,1995,15,0.0,0.0
1980,2015,35,0.0,0.0
1980,1984,4,0.0,0.0
1980,2014,34,0.0,0.0
2004,2005,1,15.6598844314618,0.0
1993,2013,20,37.603517745128734,0.0
1980,2000,20,0.0,0.0
1980,2013,33,0.0,0.0
1980,2014,34,0.0,0.0
1980,2009,29,0.0,0.0
2003,2006,3,8.957102041562285,0.0
2005,1995,10,11.954559846999834,0.0
1980,2009,29,0.0,0.0
1980,2011,31,0.0,0.0
1994,2014,20,8.0,0.0
1980,2000,20,0.0,0.0
1980,2000,20,0.0,0.0
2005,2005,0,166.05271769459026,166.05271769459026
1980,2013,33,0.0,0.0
2002,2011,9,48.0,0.0
1980,2007,27,0.0,0.0
1980,1987,7,0.0,0.0
1980,1983,3,0.0,0.0
1980,1981,1,0.0,0.0
1980,2008,28,0.0,0.0
1980,1984,4,0.0,0.0
1980,1988,8,0.0,0.0
1980,2005,25,0.0,0.0
1980,1999,19,0.0,0.0
1980,2013,33,0.0,0.0
2000,2008,8,12.0,10.513727595952437
2005,2005,0,27.60451250937503,27.60451250937503
2015,1980,35,12.679700005769249,0.0
1980,2000,20,0.0,0.0
1980,2007,27,0.0,0.0
1980,1993,13,0.0,0.0
2001,2011,10,9.614709844115207,0.0
1980,2000,20,0.0,0.0
1995,2005,10,17.83772647454919,0.0
1995,2013,18,17.83772647454919,0.0
2004,2003,1,4.247927513443585,0.0
2014,1980,34,12.743782540330756,0.0
1980,2004,24,0.0,0.0
1986,1997,11,11.047123912114026,0.0
1986,2000,14,12.679700005769249,0.0
1980,1982,2,0.0,0.0
1980,2007,27,0.0,0.0
1983,2009,26,4.0,0.0
1997,1983,14,38.89735285398626,0.0
2000,1987,13,12.0,0.0
2000,2000,0,12.0,12.0
2005,1995,10,11.34485068394299,0.0
1980,1995,15,0.0,0.0
1980,2003,23,0.0,0.0
1980,2007,27,0.0,0.0
1988,1987,1,17.83772647454919,0.0
1980,2003,23,0.0,0.0
1980,2003,23,0.0,0.0
1990,1980,10,13.837726474549191,0.0
2002,2008,6,11.665780028329484,0.0
2003,1983,20,73.0495540950041,0.0
1994,2010,16,14.801758872564369,0.0
2005,2010,5,11.400879436282185,0.0
1980,1999,19,0.0,0.0
1980,2011,31,0.0,0.0
2008,1996,12,10.715104009236168,0.0
1980,2014,34,0.0,0.0
1986,2012,26,5.554588851677638,0.0
1980,2009,29,0.0,0.0
1980,2012,32,0.0,0.0
1980,1989,9,0.0,0.0
1988,1997,9,14.339850002884626,0.0
1987,2013,26,15.229419688230415,0.0
2008,1998,10,35.16201536047667,0.0
1980,1991,11,14.101319154423276,0.0
1980,1996,16,14.101319154423276,0.0
1980,1994,14,0.0,0.0
1980,2001,21,0.0,0.0
1991,1988,3,50.039100017307746,0.0
1980,2011,31,0.0,0.0
1980,1999,19,0.0,0.0
1980,1985,5,0.0,0.0
1980,1990,10,0.0,0.0
2001,2006,5,13.754887502163466,0.0
1980,1998,18,0.0,0.0
1980,1991,11,0.0,0.0
2008,1990,18,32.99171005377434,0.0
2010,2014,4,296.156400069231,0.0
1980,2011,31,0.0,0.0
1993,2012,19,11.61470984411521,0.0
1980,2012,32,0.0,0.0
1999,2010,11,13.837726474549191,9.509775004326936
2001,2014,13,20.0,0.0
2002,2009,7,42.28321775089798,0.0
2005,1983,22,11.56271942704932,0.0
1985,1989,4,10.754887502163468,0.0
2012,2014,2,38.1453120277085,0.0
1981,1990,9,10.174925682500678,0.0
1994,2008,14,10.339850002884624,0.0
2001,2005,4,24.0,0.0
1987,1995,8,4.321928094887363,0.0
1983,1995,12,16.349851365001356,0.0
2005,2002,3,137.05758773845798,0.0
1989,1981,8,7.813781191217037,0.0
1980,2015,35,0.0,0.0
1999,1994,5,9.400879436282183,0.0
1980,1999,19,0.0,0.0
1980,1997,17,0.0,0.0
2005,2011,6,6.149747119504682,0.0
1999,2012,13,8.0,0.0
2003,2003,0,17.183761363689595,17.183761363689595
1995,1991,4,30.0,0.0
1980,2012,32,0.0,0.0
1980,1996,16,0.0,0.0
1980,2000,20,0.0,0.0
prediction,actual,diff,predSCore,actScore
2009,2009,0,15.743782540330756,15.743782540330756
1980,1993,13,0.0,0.0
1988,1984,4,14.339850002884626,0.0
2010,1985,25,9.509775004326936,0.0
1980,2013,33,0.0,0.0
1980,2014,34,0.0,0.0
2010,2013,3,42.0,0.0
1995,2013,18,39.814373865107825,0.0
1980,2013,33,0.0,0.0
1992,2014,22,13.837726474549191,0.0
1983,1980,3,4.0,0.0
1988,2015,27,15.229419688230415,0.0
1994,1999,5,16.67970000576925,0.0
1982,2000,18,11.422064766172811,0.0
1980,1996,16,0.0,0.0
1992,2004,12,1050.8299584878994,0.0
1996,1983,13,16.99171005377434,0.0
1980,2001,21,0.0,0.0
2013,2013,0,43.72182895614816,43.72182895614816
1980,2014,34,0.0,0.0
1980,2013,33,0.0,0.0
2010,2002,8,10.339850002884624,0.0
2009,1982,27,12.679700005769249,0.0
2002,1985,17,13.287712379549449,0.0
2006,1995,11,16.37829485591189,0.0
1983,1987,4,8.0,0.0
1980,1990,10,0.0,0.0
1980,1991,11,0.0,0.0
2010,1986,24,8.0,0.0
1980,1999,19,0.0,0.0
1992,2000,8,13.931568569324176,4.0
1980,1986,6,0.0,0.0
1985,1987,2,22.20263830884655,0.0
1980,1993,13,0.0,0.0
1980,1987,7,0.0,0.0
1980,1987,7,0.0,0.0
1980,2010,30,0.0,0.0
1980,1991,11,0.0,0.0
1980,1989,9,0.0,0.0
1980,2011,31,0.0,0.0
1980,1980,0,0.0,0.0
1980,1983,3,0.0,0.0
1980,2012,32,0.0,0.0
1980,1994,14,0.0,0.0
2014,1994,20,15.229419688230415,0.0
1980,1982,2,0.0,0.0
2009,1984,25,16.67970000576925,0.0
2001,1983,18,65.39940546000543,10.088788238716907
1980,1994,14,0.0,0.0
1980,1988,8,0.0,0.0
2005,2003,2,4.0,0.0
1980,1984,4,0.0,0.0
1986,2006,20,13.287712379549449,0.0
1988,1999,11,11.101319154423274,0.0
1982,1987,5,4.0,0.0
1980,2007,27,0.0,0.0
2004,1989,15,14.339850002884626,0.0
1980,1982,2,0.0,0.0
1996,2014,18,12.4189067312579,0.0
2014,1999,15,55.01955000865387,0.0
2006,2014,8,35.14788597076543,0.0
1980,2005,25,0.0,0.0
1980,2005,25,0.0,0.0
2011,2007,4,16.349851365001356,0.0
1980,2009,29,0.0,0.0
1991,1996,5,588.594649140049,0.0
2008,1988,20,10.513727595952437,0.0
1980,1984,4,0.0,0.0
2008,2004,4,34.675262139805994,0.0
2000,1994,6,10.378294855911891,0.0
1980,1999,19,0.0,0.0
1980,1989,9,0.0,0.0
2002,2003,1,6.768184324776927,0.0
1980,2014,34,0.0,0.0
1980,1995,15,0.0,0.0
1980,1997,17,0.0,0.0
1980,1992,12,0.0,0.0
1980,2014,34,0.0,0.0
2012,2012,0,12.965784284662087,12.965784284662087
2001,2007,6,16.349851365001356,0.0
1984,1985,1,11.720671786825557,0.0
2014,2010,4,16.37829485591189,0.0
1980,2009,29,0.0,0.0
1996,2003,7,54.918530963296746,0.0
1997,1989,8,11.720671786825557,0.0
1980,1999,19,0.0,0.0
1980,1986,6,0.0,0.0
1998,1991,7,17.569269691115043,0.0
2003,1998,5,14.101319154423276,13.258713240159219
1980,2009,29,0.0,0.0
1980,2003,23,0.0,0.0
1980,2008,28,0.0,0.0
2012,1997,15,15.262388523751017,0.0
1980,1999,19,0.0,0.0
1980,1997,17,0.0,0.0
2003,1996,7,19.627562382434075,0.0
1980,2011,31,0.0,0.0
1989,2012,23,16.349851365001356,0.0
2011,2012,1,9.509775004326936,0.0
2003,2011,8,25.523383920596086,4.754887502163468
1986,1997,11,12.679700005769249,0.0
1980,2002,22,0.0,0.0
1980,2008,28,0.0,0.0
1980,2008,28,0.0,0.0
1992,2014,22,30.7756981016698,0.0
2008,1988,20,17.83772647454919,0.0
1980,1982,2,0.0,0.0
2004,2004,0,9.28771237954945,9.28771237954945
1980,1981,1,0.0,0.0
1980,1984,4,0.0,0.0
1980,2004,24,0.0,0.0
1980,1993,13,0.0,0.0
1980,2007,27,0.0,0.0
1980,1991,11,0.0,0.0
2002,1991,11,20.67970000576925,0.0
2000,1992,8,13.548219857354205,0.0
1980,1986,6,0.0,0.0
1980,1990,10,0.0,0.0
1980,1984,4,0.0,0.0
1980,1984,4,0.0,0.0
1980,1995,15,0.0,0.0
1980,1990,10,0.0,0.0
1982,1986,4,10.339850002884624,0.0
1980,1981,1,0.0,0.0
1980,2008,28,0.0,0.0
1980,1986,6,0.0,0.0
1980,1986,6,0.0,0.0
1980,2011,31,0.0,0.0
1980,1981,1,0.0,0.0
2004,2002,2,14.101319154423276,0.0
1987,1990,3,88.81055323538621,0.0
1980,1984,4,0.0,0.0
1987,2010,23,14.801758872564369,0.0
2001,1998,3,14.862588931160623,0.0
2006,1989,17,14.573942985382718,0.0
2013,2001,12,99.85263754543284,0.0
1980,1986,6,0.0,0.0
1980,1982,2,0.0,0.0
1980,1980,0,0.0,0.0
1980,1986,6,0.0,0.0
1980,2008,28,0.0,0.0
1980,2002,22,0.0,0.0
1980,2002,22,0.0,0.0
1980,1999,19,0.0,0.0
1988,1982,6,22.20263830884655,0.0
2008,1988,20,100.56643550179595,0.0
2006,1988,18,19.627562382434075,0.0
2013,1982,31,10.754887502163468,0.0
1980,2006,26,0.0,0.0
1980,2000,20,0.0,0.0
1980,2005,25,0.0,0.0
2012,1998,14,16.67970000576925,0.0
1991,1989,2,51.69925001442312,0.0
1980,2014,34,0.0,0.0
1999,1998,1,15.627562382434075,0.0
1985,1996,11,14.339850002884626,0.0
2001,2002,1,4.954196310386875,0.0
1980,2012,32,0.0,0.0
1980,1985,5,0.0,0.0
1980,1993,13,0.0,0.0
1980,2012,32,0.0,0.0
1980,1981,1,0.0,0.0
1980,2002,22,0.0,0.0
1980,1988,8,0.0,0.0
1980,2010,30,0.0,0.0
1998,1993,5,53.034852960636876,0.0
1980,2001,21,0.0,0.0
2013,1997,16,38.70977714572226,0.0
1980,2000,20,0.0,0.0
1980,1982,2,0.0,0.0
1980,2014,34,0.0,0.0
1981,2006,25,13.37829485591189,0.0
2001,2009,8,5.20945336562895,0.0
1985,1982,3,32.2646625064904,0.0
1992,2000,8,9.965784284662087,0.0
1980,2004,24,0.0,0.0
1980,2010,30,0.0,0.0
2004,1992,12,15.813781191217037,0.0
1980,1990,10,0.0,0.0
1999,2005,6,9.28771237954945,0.0
1980,2003,23,0.0,0.0
1980,1994,14,0.0,0.0
1980,1992,12,0.0,0.0
1980,2008,28,0.0,0.0
1980,2003,23,0.0,0.0
1980,1986,6,0.0,0.0
1980,2002,22,0.0,0.0
1995,1998,3,5.044394119358453,0.0
1980,2014,34,0.0,0.0
1980,2012,32,0.0,0.0
1980,1984,4,0.0,0.0
1980,1983,3,0.0,0.0
1980,2014,34,0.0,0.0
1986,1983,3,16.0,0.0
1980,1989,9,0.0,0.0
1980,1983,3,0.0,0.0
1980,2001,21,0.0,0.0
2005,1983,22,15.509775004326935,0.0
1980,1985,5,0.0,0.0
2008,1982,26,5.523561956057013,0.0
2009,1991,18,16.0,0.0
2015,1991,24,17.83772647454919,0.0
1980,2005,25,0.0,0.0
1980,2015,35,0.0,0.0
1980,1993,13,0.0,0.0
2008,2001,7,11.509775004326938,0.0
1980,1992,12,0.0,0.0
1980,1984,4,0.0,0.0
1980,1980,0,0.0,0.0
1980,1981,1,0.0,0.0
2013,1981,32,15.965784284662085,0.0
1980,1992,12,0.0,0.0
2002,2010,8,7.400879436282184,0.0
1980,1981,1,0.0,0.0
1980,2009,29,0.0,0.0
1991,2014,23,12.262388523751017,0.0
1980,2002,22,0.0,0.0
1980,1996,16,0.0,0.0
1980,2006,26,0.0,0.0
1980,2009,29,0.0,0.0
1980,1997,17,0.0,0.0
1983,1983,0,24.0,24.0
1980,1986,6,0.0,0.0
2009,2001,8,11.287712379549449,0.0
1980,1995,15,0.0,0.0
1980,2015,35,0.0,0.0
1980,2003,23,0.0,0.0
1980,2010,30,0.0,0.0
1995,2005,10,16.99171005377434,0.0
1980,2010,30,0.0,0.0
1980,1984,4,0.0,0.0
1980,1981,1,0.0,0.0
1980,2013,33,0.0,0.0
1980,2002,22,0.0,0.0
1980,1985,5,0.0,0.0
1983,1992,9,21.430208018472335,0.0
1980,1993,13,0.0,0.0
1992,2014,22,10.339850002884624,0.0
1980,2010,30,0.0,0.0
1980,2008,28,0.0,0.0
2001,2012,11,16.0,0.0
1980,1990,10,0.0,0.0
1987,2013,26,12.743782540330756,0.0
2007,1997,10,9.90839262077375,0.0
1994,1997,3,86.03910001730776,0.0
2013,1986,27,6.339850002884624,0.0
2005,2015,10,13.176952268336281,0.0
2000,2015,15,12.679700005769249,0.0
1980,2004,24,0.0,0.0
1987,1988,1,24.0,0.0
1980,1994,14,0.0,0.0
1980,2001,21,0.0,0.0
1980,1997,17,0.0,0.0
1980,2013,33,14.801758872564369,0.0
2007,1998,9,42.271418572208795,0.0
2009,1990,19,18.339850002884624,0.0
2009,2010,1,18.339850002884624,0.0
2009,2003,6,18.339850002884624,0.0
1985,1999,14,123.6270750562502,0.0
2011,1985,26,32.787193740507625,0.0
1980,1986,6,0.0,0.0
1980,1991,11,0.0,0.0
1980,1994,14,0.0,0.0
1980,1990,10,0.0,0.0
1980,1997,17,0.0,0.0
1980,1992,12,0.0,0.0
1980,2013,33,0.0,0.0
2000,2008,8,16.349851365001356,0.0
2000,1987,13,98.09910819000814,0.0
1980,1990,10,0.0,0.0
1980,2005,25,0.0,0.0
1999,2013,14,25.108346421317243,0.0
1982,2002,20,32.0,0.0
1980,1998,18,0.0,0.0
1991,1983,8,359.69673003003004,0.0
1991,1990,1,359.69673003003004,0.0
1987,1998,11,10.339850002884624,0.0
1980,1999,19,0.0,0.0
1980,1980,0,0.0,0.0
1980,1983,3,0.0,0.0
1980,1980,0,0.0,0.0
2013,2014,1,43.01955000865388,0.0
2000,2011,11,19.431923980510287,0.0
1980,1984,4,0.0,0.0
2011,1990,21,58.29577194153086,0.0
1980,2001,21,0.0,0.0
2014,1982,32,12.509775004326936,0.0
2010,1980,30,13.837726474549191,0.0
2005,1980,25,49.04955409500407,0.0
2011,1983,28,19.732167425663388,0.0
1997,1989,8,48.824394455983196,0.0
1997,1985,12,48.824394455983196,0.0
1997,1999,2,48.824394455983196,0.0
1997,2008,11,48.824394455983196,0.0
1983,2008,25,10.088788238716907,0.0
1980,2008,28,0.0,0.0
1980,1990,10,0.0,0.0
1980,1999,19,0.0,0.0
2014,2013,1,4.0,0.0
2014,1993,21,15.965784284662085,0.0
1980,2009,29,0.0,0.0
1980,1986,6,0.0,0.0
1980,1991,11,0.0,0.0
1980,1998,18,0.0,0.0
1988,2010,22,27.297158093186486,0.0
1980,2000,20,0.0,0.0
1999,1996,3,5.832890014164742,0.0
1980,1986,6,0.0,0.0
1980,2003,23,0.0,0.0
2012,2010,2,26.353904536672562,0.0
1998,1983,15,11.229419688230417,0.0
1980,1991,11,0.0,0.0
1989,1989,0,12.679700005769249,12.679700005769249
1980,1983,3,0.0,0.0
1980,1981,1,0.0,0.0
1980,1984,4,0.0,0.0
1980,1983,3,0.0,0.0
2012,1991,21,14.101319154423276,0.0
1980,2002,22,0.0,0.0
1989,2011,22,48.0,0.0
2009,2008,1,13.754887502163466,10.339850002884624
1993,1983,10,5.285402218862248,0.0
2001,1983,18,24.517132067779865,0.0
1980,2005,25,0.0,0.0
2003,1999,4,15.229419688230415,4.392317422778761
1980,1990,10,0.0,0.0
1980,1984,4,0.0,0.0
1980,1984,4,0.0,0.0
1980,1997,17,0.0,0.0
2010,1987,23,6.39231742277876,0.0
1980,2012,32,0.0,0.0
1997,1985,12,19.229419688230415,0.0
1986,1988,2,11.720671786825557,0.0
1980,2009,29,0.0,0.0
2013,2008,5,14.422064766172811,0.0
1993,2009,16,41.51317942364757,0.0
2012,1990,22,33.50977500432694,0.0
2003,1993,10,14.339850002884626,0.0
1980,1993,13,0.0,0.0
1980,1987,7,0.0,0.0
1984,1994,10,85.83671966625711,0.0
1980,1994,14,0.0,0.0
1985,1990,5,8.784634845557521,0.0
2015,1996,19,13.837726474549191,0.0
1996,1994,2,20.756589711823782,0.0
1980,1988,8,0.0,0.0
2005,1982,23,18.5754247590989,0.0
1980,2002,22,0.0,0.0
2003,2006,3,16.349851365001356,0.0
1980,1983,3,0.0,0.0
1980,1992,12,8.0,0.0
1980,1998,18,0.0,0.0
1981,2011,30,13.837726474549191,0.0
1993,1992,1,16.0,0.0
1980,2014,34,0.0,0.0
1980,1986,6,0.0,0.0
2010,2000,10,5.832890014164742,0.0
2003,1994,9,5.357552004618084,0.0
2005,1981,24,13.37829485591189,0.0
1980,1985,5,0.0,0.0
1980,2005,25,0.0,0.0
2007,2008,1,12.262388523751017,0.0
1990,2002,12,14.801758872564369,0.0
2013,1982,31,13.570685868171037,0.0
1980,2010,30,0.0,0.0
1980,2014,34,0.0,0.0
1980,2003,23,0.0,0.0
1980,1982,2,0.0,0.0
1980,2000,20,0.0,0.0
1998,2009,11,8.422064766172811,0.0
1980,2004,24,0.0,0.0
2010,1986,24,6.39231742277876,0.0
1980,1999,19,0.0,0.0
1980,2014,34,0.0,0.0
1980,1980,0,0.0,0.0
2011,1984,27,4.0,0.0
1980,2014,34,0.0,0.0
1980,1982,2,0.0,0.0
1980,1994,14,0.0,0.0
2005,1990,15,74.82439445598317,0.0
1980,1980,0,0.0,0.0
1980,1985,5,0.0,0.0
2013,1988,25,19.974634448255383,0.0
2013,2003,10,19.974634448255383,6.409390936137702
1980,1993,13,0.0,0.0
1997,1985,12,17.017276025914484,0.0
1980,1999,19,0.0,0.0
2008,2001,7,12.509775004326936,0.0
2003,1992,11,5.044394119358453,0.0
1980,2012,32,0.0,0.0
1980,1989,9,0.0,0.0
2004,1982,22,23.42206476617281,0.0
1980,1989,9,0.0,0.0
1980,1999,19,0.0,0.0
1980,1981,1,0.0,0.0
1980,1980,0,0.0,0.0
1985,1989,4,4.0,0.0
1980,2001,21,0.0,0.0
2000,1987,13,9.509775004326936,0.0
2009,2010,1,22.844129532345622,11.863411958941636
1980,1985,5,0.0,0.0
1981,2014,33,12.679700005769249,0.0
1980,2014,34,0.0,0.0
2010,1993,17,6.339850002884624,0.0
1980,2007,27,0.0,0.0
2011,1980,31,20.67970000576925,0.0
1980,1990,10,0.0,0.0
1980,2000,20,0.0,0.0
2003,1988,15,16.278794264106292,0.0
1997,1986,11,5.129283016944966,0.0
1980,1994,14,0.0,0.0
1980,1980,0,0.0,0.0
2009,1988,21,26.75658971182378,0.0
1980,1993,13,0.0,0.0
1980,1982,2,0.0,0.0
1980,1980,0,0.0,0.0
1980,2015,35,0.0,0.0
1989,1982,7,23.44134357365111,0.0
1980,1988,8,0.0,0.0
1995,1995,0,19.21466062749922,19.21466062749922
1980,1994,14,0.0,0.0
2011,1980,31,17.569269691115043,0.0
1980,1982,2,0.0,0.0
1980,1999,19,0.0,0.0
1980,1996,16,0.0,0.0
1980,2002,22,0.0,0.0
1989,1994,5,18.325573370334503,0.0
1980,1992,12,0.0,0.0
1986,1999,13,190.1955000865387,0.0
1980,2005,25,0.0,0.0
1980,2012,32,0.0,0.0
1985,1988,3,12.0,0.0
2014,1990,24,46.529325012980806,0.0
1980,1991,11,0.0,0.0
1982,2010,28,12.679700005769249,0.0
1998,1994,4,5.491853096329675,0.0
2004,2007,3,72.37895002019238,0.0
1980,1999,19,0.0,0.0
1991,2013,22,12.509775004326936,0.0
2000,2007,7,15.229419688230415,0.0
1980,2013,33,0.0,0.0
2008,1981,27,84.1098207676195,0.0
1980,1998,18,0.0,0.0
1980,1984,4,0.0,0.0
1980,2004,24,0.0,0.0
1997,2011,14,12.965784284662087,0.0
2011,2003,8,13.176952268336281,0.0
2002,1998,4,13.536368649553854,0.0
2002,1988,14,12.0,0.0
2002,1998,4,12.0,0.0
2009,2001,8,10.49585502688717,10.339850002884624
1994,1989,5,11.169925001442312,0.0
2007,1991,16,10.339850002884624,0.0
1980,2001,21,0.0,0.0
1990,1981,9,14.339850002884626,0.0
1992,2005,13,17.28771237954945,0.0
1992,1995,3,17.28771237954945,0.0
1980,1989,9,0.0,0.0
1980,2012,32,0.0,0.0
2005,2010,5,6.339850002884624,0.0
1980,1987,7,0.0,0.0
2008,1996,12,10.513727595952437,0.0
2015,2001,14,15.627562382434075,0.0
2004,1980,24,7.813781191217037,0.0
1980,1995,15,0.0,0.0
2005,2012,7,27.300933067861255,0.0
2005,2012,7,27.300933067861255,0.0
1983,2011,28,8.49585502688717,0.0
1980,1998,18,0.0,0.0
2012,1987,25,31.770058021356963,0.0
2015,1994,21,4.0,0.0
1980,1982,2,0.0,0.0
1980,1981,1,0.0,0.0
1980,1980,0,0.0,0.0
1980,2000,20,0.0,0.0
1980,2001,21,0.0,0.0
2013,2014,1,10.754887502163468,0.0
2014,1984,30,14.573942985382718,0.0
2000,1983,17,16.349851365001356,0.0
1980,1998,18,0.0,0.0
1980,1997,17,0.0,0.0
1980,1997,17,0.0,0.0
1980,2013,33,0.0,0.0
1980,1994,14,0.0,0.0
1980,2005,25,0.0,0.0
1980,2005,25,0.0,0.0
1980,1985,5,0.0,0.0
1980,2015,35,0.0,0.0
1980,2007,27,0.0,0.0
1985,2015,30,63.39850002884624,0.0
1980,1990,10,0.0,0.0
1980,2005,25,0.0,0.0
2002,1980,22,79.3765181293825,0.0
1983,2002,19,14.801758872564369,0.0
2010,1995,15,12.225207436943503,0.0
2004,2011,7,9.509775004326936,0.0
2013,2010,3,15.743782540330756,0.0
1994,1991,3,4.643856189774725,0.0
1980,2003,23,0.0,0.0
1980,2009,29,13.570685868171037,0.0
1980,1988,8,0.0,0.0
2009,1985,24,12.679700005769249,0.0
2012,1989,23,22.6021254584724,0.0
1980,2007,27,0.0,0.0
1980,2014,34,0.0,0.0
1980,2005,25,0.0,0.0
2001,1992,9,18.339850002884624,0.0
2001,1992,9,18.339850002884624,0.0
1980,2013,33,0.0,0.0
1985,1984,1,18.339850002884624,0.0
1980,1994,14,0.0,0.0
1998,2005,7,45.688259064691245,0.0
2013,1993,20,40.13488456773567,0.0
1986,2004,18,4.321928094887363,0.0
1987,1983,4,11.229419688230417,0.0
1980,1986,6,0.0,0.0
1980,1982,2,0.0,0.0
1980,1982,2,0.0,0.0
2013,1980,33,12.679700005769249,0.0
1993,2001,8,18.801758872564367,0.0
1980,1983,3,0.0,0.0
1998,1988,10,35.138539382230086,0.0
2005,1990,15,30.369828149072323,0.0
2012,1992,20,17.79221201268866,0.0
1980,1994,14,0.0,0.0
1980,1999,19,0.0,0.0
2010,1999,11,18.5754247590989,0.0
1980,1987,7,0.0,0.0
1980,2000,20,0.0,0.0
2000,2000,0,12.509775004326936,12.509775004326936
1980,1995,15,0.0,0.0
2005,2000,5,14.801758872564369,0.0
1981,1981,0,15.627562382434075,15.627562382434075
1980,1994,14,0.0,0.0
2000,1987,13,10.918863237274595,0.0
1980,2012,32,0.0,0.0
2001,1989,12,4.954196310386875,0.0
2003,1980,23,27.97320222856117,0.0
1980,1983,3,0.0,0.0
1980,1993,13,0.0,0.0
1980,1999,19,0.0,0.0
1980,2005,25,0.0,0.0
1980,2015,35,0.0,0.0
1988,2010,22,10.088788238716907,0.0
2012,1989,23,20.0,0.0
2009,1987,22,18.339850002884624,0.0
2013,1993,20,10.715104009236168,0.0
1980,1996,16,0.0,0.0
1980,2004,24,0.0,0.0
2014,1984,30,16.67970000576925,0.0
1980,1981,1,0.0,0.0
1980,2011,31,0.0,0.0
1980,1994,14,0.0,0.0
1980,1997,17,0.0,0.0
2015,1987,28,12.0,4.321928094887363
1980,2013,33,0.0,0.0
1980,2013,33,0.0,0.0
1980,2015,35,0.0,0.0
1980,1986,6,0.0,0.0
1980,1983,3,0.0,0.0
1980,2001,21,0.0,0.0
1980,2003,23,0.0,0.0
1980,1993,13,0.0,0.0
1981,2006,25,16.99171005377434,0.0
1980,1993,13,0.0,0.0
1980,1988,8,0.0,0.0
1996,1990,6,13.570685868171037,0.0
2006,2010,4,8.897845456005511,0.0
2015,1980,35,400.31280013846174,0.0
1980,2005,25,0.0,0.0
2011,2000,11,16.349851365001356,0.0
1990,2011,21,16.0,0.0
1988,1999,11,6.965784284662088,0.0
1980,2014,34,0.0,0.0
1980,2012,32,0.0,0.0
1980,2004,24,9.28771237954945,0.0
2006,1987,19,11.101319154423274,0.0
2007,2012,5,19.019550008653873,0.0
1992,1995,3,16.67970000576925,9.28771237954945
2010,1990,20,16.844129532345622,0.0
2012,2014,2,15.62836009688685,0.0
1980,2011,31,0.0,0.0
1980,1984,4,0.0,0.0
1993,1990,3,6.266786540694901,0.0
1980,1997,17,0.0,0.0
1980,2011,31,0.0,0.0
1980,1997,17,0.0,0.0
1980,1997,17,0.0,0.0
1994,2014,20,15.262388523751017,0.0
1995,2007,12,16.0,0.0
1980,1989,9,0.0,0.0
1995,2009,14,16.0,0.0
1980,1986,6,0.0,0.0
1980,1994,14,0.0,0.0
1980,2001,21,0.0,0.0
2015,1982,33,15.627562382434075,0.0
1981,1982,1,26.75658971182378,0.0
2004,1996,8,29.189475010096185,0.0
1980,1985,5,0.0,0.0
2010,2009,1,10.339850002884624,0.0
1980,2015,35,0.0,0.0
1980,1988,8,0.0,0.0
1980,1987,7,0.0,0.0
1980,1989,9,0.0,0.0
1980,2000,20,0.0,0.0
1996,2006,10,5.247927513443585,0.0
1980,2005,25,0.0,0.0
1980,2014,34,0.0,0.0
1980,2010,30,0.0,0.0
2011,2008,3,13.977279923499918,0.0
1997,1983,14,14.339850002884626,0.0
1980,1985,5,0.0,0.0
2005,2014,9,8.174925682500678,0.0
1980,1987,7,0.0,0.0
1980,2013,33,0.0,0.0
1980,1986,6,0.0,0.0
1980,2008,28,0.0,0.0
1980,2003,23,0.0,0.0
1980,2009,29,0.0,0.0
1980,2003,23,0.0,0.0
1980,2010,30,0.0,0.0
2008,2001,7,31.80010555640145,15.509775004326935
2004,1993,11,16.67970000576925,0.0
1980,2007,27,0.0,0.0
2003,1994,9,11.101319154423274,0.0
1981,2007,26,20.67970000576925,0.0
1980,1995,15,0.0,0.0
1985,2002,17,11.101319154423274,0.0
1980,2011,31,0.0,0.0
1980,2005,25,0.0,0.0
1984,1999,15,18.094247824228052,0.0
1980,2013,33,0.0,0.0
1997,1992,5,31.25512476486815,0.0
1980,2001,21,0.0,0.0
1980,1990,10,0.0,0.0
1980,1994,14,0.0,0.0
1980,1998,18,0.0,0.0
2009,2005,4,9.965784284662087,0.0
1996,2007,11,16.17695226833628,0.0
1980,2007,27,0.0,0.0
1998,1988,10,96.0,0.0
1980,1994,14,0.0,0.0
1980,1996,16,0.0,0.0
1980,2007,27,0.0,0.0
1988,1993,5,15.229419688230415,0.0
1980,2010,30,0.0,0.0
1980,2010,30,0.0,0.0
1980,1988,8,0.0,0.0
1980,1995,15,0.0,0.0
2005,1998,7,8.49585502688717,0.0
1980,1998,18,0.0,0.0
1980,1998,18,0.0,0.0
1980,2000,20,0.0,0.0
1980,2006,26,0.0,0.0
1980,2003,23,0.0,0.0
1980,2012,32,0.0,0.0
1980,2007,27,0.0,0.0
1980,1995,15,0.0,0.0
1980,1994,14,0.0,0.0
2003,1995,8,17.83772647454919,16.349851365001356
1980,2015,35,0.0,0.0
1985,2012,27,13.837726474549191,0.0
2013,2005,8,13.837726474549191,0.0
1999,1981,18,9.28771237954945,0.0
1980,1999,19,0.0,0.0
1980,1995,15,0.0,0.0
2005,2015,10,4.321928094887363,0.0
1980,1984,4,0.0,0.0
2005,2014,9,52.95131080227092,4.954196310386875
1980,2005,25,0.0,0.0
2003,2013,10,5.700439718141093,0.0
2009,2000,9,67.7262742772967,0.0
1980,2013,33,0.0,0.0
1980,2014,34,0.0,0.0
1980,2009,29,0.0,0.0
2009,2006,3,55.01955000865387,0.0
1980,1995,15,0.0,0.0
1985,2009,24,39.86313713864835,14.862588931160623
1980,2011,31,0.0,0.0
1999,2014,15,16.0,13.754887502163466
1980,2000,20,0.0,0.0
1980,2000,20,0.0,0.0
2013,2005,8,16.349851365001356,0.0
1980,2013,33,0.0,0.0
1999,2011,12,16.67970000576925,0.0
2010,2007,3,17.498670042494226,9.509775004326936
1980,1987,7,0.0,0.0
1987,1983,4,83.02635884729514,0.0
1980,1981,1,0.0,0.0
2006,2008,2,10.643856189774723,0.0
2001,1984,17,5.20945336562895,0.0
2001,1988,13,10.4189067312579,0.0
2007,2005,2,18.5754247590989,0.0
2011,1999,12,13.570685868171037,0.0
1980,2013,33,0.0,0.0
2009,2008,1,17.57394298538272,0.0
1980,2005,25,0.0,0.0
1980,1980,0,0.0,0.0
2000,2000,0,19.431923980510287,19.431923980510287
1982,2007,25,53.150849518197795,0.0
2007,1993,14,15.627562382434075,0.0
1995,2011,16,49.19797695603746,0.0
1980,2000,20,0.0,0.0
1980,2005,25,0.0,0.0
1987,2013,26,3.8073549220576037,0.0
1980,2003,23,0.0,0.0
1980,1980,0,0.0,0.0
2012,2004,8,9.28771237954945,0.0
2011,1997,14,16.0,0.0
2015,2000,15,21.14160887544899,0.0
2001,1982,19,83.02635884729513,0.0
2000,2007,7,29.897352853986263,0.0
1980,2009,29,0.0,0.0
2004,1983,21,37.8950971271328,0.0
2004,1987,17,37.8950971271328,0.0
2004,2000,4,12.679700005769249,0.0
2005,1995,10,4.0,0.0
2004,1995,9,29.189475010096185,5.643856189774724
1980,2003,23,0.0,0.0
2001,2007,6,19.229419688230415,0.0
1980,1987,7,0.0,0.0
2012,2003,9,9.90839262077375,0.0
1980,2003,23,0.0,0.0
2002,1980,22,41.84095946449941,0.0
2004,2008,4,4.0,0.0
1980,1983,3,0.0,0.0
1980,2010,30,0.0,0.0
1980,2010,30,0.0,0.0
1980,1999,19,0.0,0.0
2004,2011,7,12.679700005769249,0.0
1980,1996,16,0.0,0.0
1980,2014,34,0.0,0.0
2008,2012,4,5.857980995127572,0.0
2015,2009,6,13.287712379549449,0.0
1980,2012,32,0.0,0.0
1980,1989,9,0.0,0.0
1980,1997,17,0.0,0.0
1980,2013,33,0.0,0.0
2013,1998,15,16.349851365001356,0.0
1980,1991,11,0.0,0.0
1999,1996,3,15.743782540330756,0.0
1980,1994,14,0.0,0.0
2004,2001,3,18.491105412511363,0.0
2014,1988,26,9.28771237954945,0.0
1980,2011,31,0.0,0.0
1980,1999,19,0.0,0.0
2010,1985,25,9.813781191217037,0.0
1980,1990,10,0.0,0.0
1980,2006,26,0.0,0.0
1980,1998,18,0.0,0.0
1980,1991,11,0.0,0.0
2004,1990,14,14.101319154423276,0.0
1993,2014,21,37.67141005954359,0.0
1980,2011,31,0.0,0.0
2006,2012,6,10.0,0.0
2007,2012,5,45.3594000115385,0.0
2008,2010,2,24.17695226833628,0.0
1980,2014,34,0.0,0.0
1980,2009,29,0.0,0.0
2003,1983,20,8.0,0.0
1993,1989,4,12.679700005769249,0.0
1993,2014,21,13.837726474549191,0.0
1980,1990,10,0.0,0.0
2008,2008,0,12.918863237274595,12.918863237274595
2011,2005,6,16.37829485591189,0.0
1980,1995,15,0.0,0.0
1996,1995,1,12.044735626056909,0.0
1981,2002,21,12.0,0.0
1990,1981,9,13.287712379549449,0.0
1980,2015,35,0.0,0.0
1997,1994,3,13.287712379549449,0.0
1980,1999,19,0.0,0.0
2012,1997,15,4.0,0.0
1980,2011,31,0.0,0.0
1994,2012,18,25.56926969111504,0.0
1980,2003,23,0.0,0.0
1980,1991,11,0.0,0.0
2008,2012,4,17.83772647454919,0.0
1980,1996,16,0.0,0.0
2013,2000,13,10.754887502163468,0.0
prediction,actual,diff,predSCore,actScore
2007,2009,2,28.52932501298081,0.0
1980,1993,13,0.0,0.0
2006,1984,22,57.05865002596162,0.0
1980,1985,5,0.0,0.0
1980,2013,33,0.0,0.0
1988,2014,26,12.0,0.0
1980,2013,33,0.0,0.0
2006,2013,7,16.0,0.0
2006,2013,7,16.0,0.0
1980,2014,34,0.0,0.0
2001,1980,21,26.51742648031844,0.0
1986,2015,29,5.129283016944966,0.0
1980,1999,19,0.0,0.0
2015,2000,15,14.801758872564369,0.0
1980,1996,16,0.0,0.0
1980,2004,24,0.0,0.0
1980,1983,3,0.0,0.0
1980,2001,21,0.0,0.0
2000,2013,13,21.509775004326936,0.0
1994,2014,20,30.45883937646083,0.0
1980,2013,33,0.0,0.0
1980,2002,22,0.0,0.0
1980,1982,2,0.0,0.0
1991,1985,6,16.349851365001356,0.0
1980,1995,15,0.0,0.0
1980,1987,7,0.0,0.0
1980,1990,10,0.0,0.0
1980,1991,11,0.0,0.0
1980,1986,6,0.0,0.0
1999,1999,0,39.77613972047766,39.77613972047766
1999,2000,1,53.03485296063688,0.0
1981,1986,5,8.784634845557521,0.0
1980,1987,7,0.0,0.0
2011,1993,18,15.262388523751017,0.0
1980,1987,7,0.0,0.0
1980,1987,7,0.0,0.0
1980,2010,30,0.0,0.0
1980,1991,11,0.0,0.0
2003,1989,14,10.339850002884624,0.0
2004,2011,7,19.229419688230415,0.0
1994,1980,14,15.627562382434075,0.0
1990,1983,7,24.0,0.0
1990,2012,22,24.0,0.0
2001,1994,7,4.700439718141092,0.0
2014,1994,20,17.017276025914484,0.0
2008,1982,26,10.411510988012072,0.0
1980,1984,4,0.0,0.0
2012,1983,29,11.720671786825557,0.0
1992,1994,2,16.99171005377434,0.0
2010,1988,22,41.51317942364757,0.0
2003,2003,0,27.264172825670364,27.264172825670364
2005,1984,21,140.753036258765,0.0
1980,2006,26,0.0,0.0
2000,1999,1,36.08746284125034,0.0
1980,1987,7,0.0,0.0
1980,2007,27,0.0,0.0
2004,1989,15,73.63656915399362,0.0
2008,1982,26,32.0,0.0
1980,2014,34,0.0,0.0
2008,1999,9,6.339850002884624,0.0
1980,2014,34,0.0,0.0
1980,2005,25,0.0,0.0
1980,2005,25,0.0,0.0
1980,2007,27,0.0,0.0
1980,2009,29,0.0,0.0
2004,1996,8,8.842350343413807,0.0
2003,1988,15,32.69970273000271,0.0
1980,1984,4,0.0,0.0
2004,2004,0,9.204571144249204,9.204571144249204
2007,1994,13,9.28771237954945,0.0
1980,1999,19,0.0,0.0
1980,1989,9,0.0,0.0
1996,2003,7,12.965784284662087,0.0
2004,2014,10,23.797487383876387,0.0
1994,1995,1,15.229419688230415,0.0
1980,1997,17,0.0,0.0
1980,1992,12,0.0,0.0
1990,2014,24,18.5754247590989,0.0
1999,2012,13,11.229419688230417,0.0
2004,2007,3,15.0,0.0
1980,1985,5,0.0,0.0
1980,2010,30,0.0,0.0
1980,2009,29,0.0,0.0
1980,2003,23,0.0,0.0
1980,1989,9,0.0,0.0
1980,1999,19,0.0,0.0
1985,1986,1,14.801758872564369,0.0
1993,1991,2,13.287712379549449,0.0
1986,1998,12,10.339850002884624,0.0
1980,2009,29,0.0,0.0
1980,2003,23,0.0,0.0
1980,2008,28,0.0,0.0
1997,1997,0,8.0,8.0
1980,1999,19,0.0,0.0
1991,1997,6,8.0,0.0
2004,1996,8,26.442253360132927,0.0
1980,2011,31,0.0,0.0
1980,2012,32,0.0,0.0
1989,2012,23,4.0,0.0
2010,2011,1,32.38324759905032,0.0
1980,1997,17,0.0,0.0
1980,2002,22,0.0,0.0
2003,2008,5,16.278794264106292,0.0
1980,2008,28,0.0,0.0
2002,2014,12,33.32753311006583,0.0
1980,1988,8,0.0,0.0
1980,1982,2,0.0,0.0
1980,2004,24,0.0,0.0
1980,1981,1,0.0,0.0
2008,1984,24,17.569269691115043,0.0
1980,2004,24,27.675452949098382,0.0
1980,1993,13,0.0,0.0
1980,2007,27,0.0,0.0
1980,1991,11,0.0,0.0
1980,1991,11,0.0,0.0
1980,1992,12,0.0,0.0
1991,1986,5,14.339850002884626,0.0
1980,1990,10,0.0,0.0
1990,1984,6,15.229419688230415,0.0
2003,1984,19,31.668649817912566,0.0
1999,1995,4,10.258566033889933,0.0
1980,1990,10,0.0,0.0
2004,1986,18,34.75827055882744,0.0
1980,1981,1,0.0,0.0
2007,2008,1,15.0,0.0
2009,1986,23,18.094247824228052,0.0
1980,1986,6,0.0,0.0
1980,2011,31,0.0,0.0
1980,1981,1,0.0,0.0
1980,2002,22,0.0,0.0
1980,1990,10,0.0,0.0
1980,1984,4,0.0,0.0
1980,2010,30,0.0,0.0
1989,1998,9,33.68825906469125,0.0
1980,1989,9,0.0,0.0
1980,2001,21,0.0,0.0
1980,1986,6,0.0,0.0
2001,1982,19,10.4189067312579,0.0
1980,1980,0,0.0,0.0
1980,1986,6,0.0,0.0
1980,2008,28,0.0,0.0
2000,2002,2,14.359818180029869,0.0
1993,2002,9,8.0,0.0
1997,1999,2,22.21835540671055,0.0
1980,1982,2,0.0,0.0
1980,1988,8,0.0,0.0
1980,1988,8,0.0,0.0
1980,1982,2,0.0,0.0
1992,2006,14,19.718144858796514,0.0
2008,2000,8,10.411510988012072,0.0
2010,2005,5,12.509775004326936,0.0
1995,1998,3,5.321928094887362,0.0
1980,1989,9,0.0,0.0
1991,2014,23,147.14866228501222,0.0
1997,1998,1,14.801758872564369,0.0
1999,1996,3,18.339850002884624,0.0
1980,2002,22,0.0,0.0
1980,2012,32,0.0,0.0
1993,1985,8,17.83772647454919,13.837726474549191
2014,1993,21,16.570685868171037,12.0
1980,2012,32,0.0,0.0
1980,1981,1,0.0,0.0
2011,2002,9,12.715104009236168,0.0
1980,1988,8,0.0,0.0
1980,2010,30,0.0,0.0
1995,1993,2,5.700439718141093,0.0
1980,2001,21,0.0,0.0
1980,1997,17,0.0,0.0
1980,2000,20,0.0,0.0
1980,1982,2,0.0,0.0
1980,2014,34,0.0,0.0
1980,2006,26,0.0,0.0
1980,2009,29,0.0,0.0
1980,1982,2,0.0,0.0
2005,2000,5,9.28771237954945,0.0
2013,2004,9,49.13488456773567,0.0
1980,2010,30,0.0,0.0
1980,1992,12,0.0,0.0
2001,1990,11,16.349851365001356,0.0
1999,2005,6,27.509775004326933,0.0
1980,2003,23,0.0,0.0
1980,1994,14,0.0,0.0
1994,1992,2,16.99171005377434,0.0
2004,2008,4,14.339850002884626,0.0
1980,2003,23,0.0,0.0
1980,1986,6,0.0,0.0
1991,2002,11,10.339850002884624,0.0
1980,1998,18,0.0,0.0
1980,2014,34,0.0,0.0
1980,2012,32,0.0,0.0
1980,1984,4,0.0,0.0
1983,1983,0,16.99171005377434,16.99171005377434
2003,2014,11,32.69970273000271,0.0
1980,1983,3,0.0,0.0
2014,1989,25,16.99171005377434,0.0
1980,1983,3,0.0,0.0
1980,2001,21,0.0,0.0
1980,1983,3,0.0,0.0
1980,1985,5,0.0,0.0
1980,1982,2,0.0,0.0
1998,1991,7,13.570685868171037,0.0
2011,1991,20,22.10852445677817,0.0
2011,2005,6,22.10852445677817,0.0
1988,2015,27,23.441343573651114,0.0
2003,1993,10,4.0,0.0
1980,2001,21,0.0,0.0
2005,1992,13,11.422064766172811,0.0
1990,1984,6,59.207035490257475,0.0
1980,1980,0,0.0,0.0
1980,1981,1,0.0,0.0
1983,1981,2,13.931568569324176,0.0
1993,1992,1,26.575424759098897,0.0
2002,2010,8,13.665780028329484,0.0
1980,1981,1,0.0,0.0
1980,2009,29,0.0,0.0
2004,2014,10,10.378294855911891,0.0
1985,2002,17,14.573942985382718,0.0
1980,1996,16,0.0,0.0
2005,2006,1,13.931568569324176,0.0
2005,2009,4,9.0,0.0
1980,1997,17,0.0,0.0
2005,1983,22,10.754887502163468,0.0
2014,1986,28,45.84962500721156,0.0
1980,2001,21,0.0,0.0
1994,1995,1,12.743782540330756,0.0
1980,2015,35,0.0,0.0
1980,2003,23,0.0,0.0
1980,2010,30,0.0,0.0
1980,2005,25,0.0,0.0
1980,2010,30,0.0,0.0
2008,1984,24,12.0,0.0
2004,1981,23,102.12545129023312,0.0
1980,2013,33,0.0,0.0
2000,2002,2,37.603517745128734,0.0
2000,1985,15,370.4316597061587,0.0
2002,1992,10,3.4594316186372978,0.0
2004,1993,11,12.0,0.0
1980,2014,34,0.0,0.0
2002,2010,8,16.349851365001356,0.0
2002,2008,6,16.349851365001356,0.0
1980,2012,32,0.0,0.0
1992,1990,2,17.28771237954945,0.0
2006,2013,7,16.67970000576925,0.0
1999,1997,2,4.0,0.0
1980,1997,17,0.0,0.0
1980,1986,6,0.0,0.0
1980,2015,35,0.0,0.0
1980,2015,35,0.0,0.0
2004,2004,0,14.339850002884626,14.339850002884626
2005,1988,17,13.37829485591189,0.0
2011,1994,17,35.138539382230086,0.0
1986,2001,15,13.287712379549449,0.0
1980,1997,17,0.0,0.0
1980,2013,33,0.0,0.0
2012,1998,14,12.0,0.0
1980,1990,10,0.0,0.0
1984,2010,26,8.784634845557521,0.0
2015,2003,12,14.801758872564369,0.0
2002,1999,3,9.28771237954945,0.0
1980,1985,5,0.0,0.0
1986,1986,0,10.570804437724496,10.570804437724496
2002,1991,11,27.0,0.0
2002,1994,8,27.0,0.0
2002,1990,12,27.0,0.0
2003,1997,6,4.807354922057604,0.0
1980,1992,12,0.0,0.0
2002,2013,11,20.743782540330756,0.0
2010,2008,2,16.844129532345622,14.101319154423276
1980,1987,7,0.0,0.0
1985,1990,5,27.675452949098382,0.0
2010,2005,5,30.0,0.0
2003,2013,10,24.0,0.0
2014,2002,12,16.99171005377434,0.0
2014,1998,16,16.99171005377434,0.0
1990,1983,7,14.720671786825553,0.0
1980,1990,10,0.0,0.0
2003,1998,5,16.0,0.0
1988,1999,11,45.688259064691245,9.28771237954945
1980,1980,0,0.0,0.0
1980,1983,3,0.0,0.0
1980,1980,0,0.0,0.0
2014,2014,0,24.0,24.0
2008,2011,3,5.357552004618084,0.0
2003,1984,19,8.0,0.0
1997,1990,7,20.101319154423273,0.0
1980,2001,21,0.0,0.0
1991,1982,9,62.5102495297363,0.0
1980,1980,0,0.0,0.0
1980,1980,0,0.0,0.0
2002,1983,19,16.349851365001356,0.0
2005,1989,16,15.262388523751017,0.0
1988,1985,3,27.675452949098382,0.0
2002,1999,3,14.422064766172811,0.0
2002,2008,6,16.349851365001356,0.0
1980,2008,28,0.0,0.0
1985,2008,23,44.405276617693104,0.0
1980,1990,10,0.0,0.0
1980,1999,19,0.0,0.0
1982,2013,31,10.339850002884624,0.0
1980,1993,13,0.0,0.0
1980,2009,29,0.0,0.0
1980,1986,6,0.0,0.0
1995,1991,4,19.627562382434075,0.0
1980,1998,18,0.0,0.0
1999,2010,11,15.229419688230415,0.0
1980,2000,20,0.0,0.0
1980,1996,16,0.0,0.0
1988,1986,2,11.422064766172811,0.0
1980,2003,23,0.0,0.0
1980,2010,30,0.0,0.0
2012,1983,29,16.278794264106292,0.0
1980,1991,11,0.0,0.0
2007,1989,18,24.177576477433817,0.0
1980,1983,3,0.0,0.0
2004,1981,23,29.869805535318683,15.229419688230415
1980,1984,4,0.0,0.0
1980,1983,3,0.0,0.0
1999,1991,8,29.603517745128737,0.0
2005,2002,3,124.53953827094269,0.0
1998,2011,13,15.229419688230415,0.0
1994,2008,14,5.459431618637297,0.0
1980,1983,3,0.0,0.0
2007,1983,24,12.0,0.0
2009,2005,4,17.83772647454919,0.0
2003,1999,4,180.94247824228054,0.0
1980,1990,10,0.0,0.0
2011,1984,27,7.1799090900149345,0.0
1980,1984,4,0.0,0.0
1980,1997,17,0.0,0.0
1983,1987,4,8.0,0.0
1980,2012,32,0.0,0.0
1980,1985,5,0.0,0.0
2007,1988,19,24.524777047502035,0.0
1997,2009,12,28.902422223664658,10.754887502163468
2003,2008,5,16.0,0.0
2003,2009,6,16.0,0.0
1997,1990,7,28.902422223664658,0.0
2002,1993,9,22.094247824228052,0.0
1980,1993,13,0.0,0.0
1980,1987,7,0.0,0.0
1980,1994,14,0.0,0.0
1980,1994,14,0.0,0.0
1980,1990,10,0.0,0.0
1980,1996,16,0.0,0.0
1980,1994,14,0.0,0.0
1980,1988,8,0.0,0.0
1980,1982,2,0.0,0.0
1980,2002,22,0.0,0.0
1980,2006,26,0.0,0.0
1982,1983,1,13.287712379549449,0.0
1998,1992,6,36.787165571253055,22.97668455506505
1996,1998,2,15.743782540330756,0.0
1980,2011,31,0.0,0.0
1994,1992,2,79.06171361001769,21.70505901880839
1980,2014,34,0.0,0.0
1980,1986,6,0.0,0.0
1980,2000,20,0.0,0.0
2013,1994,19,11.720671786825557,0.0
1994,1981,13,10.088788238716907,0.0
2006,1985,21,14.573942985382718,0.0
2004,2005,1,71.69925001442313,0.0
2003,2008,5,43.266194298518435,0.0
2015,2002,13,31.25512476486815,0.0
2014,1982,32,73.35940001153848,0.0
2006,2010,4,16.349851365001356,0.0
1994,2014,20,12.0,0.0
1987,2003,16,17.569269691115043,0.0
1980,1982,2,0.0,0.0
1980,2000,20,0.0,0.0
2001,2009,8,44.67970000576924,0.0
2004,2004,0,16.67970000576925,16.67970000576925
2004,1986,18,16.67970000576925,0.0
1980,1999,19,0.0,0.0
1993,2014,21,720.3913047717614,0.0
1994,1980,14,4.754887502163468,0.0
2004,1984,20,18.5754247590989,0.0
2001,2014,13,16.844129532345622,0.0
2015,1982,33,11.229419688230417,0.0
2000,1994,6,13.287712379549449,0.0
2006,1990,16,18.094247824228052,0.0
2008,1980,28,83.29208790409656,0.0
2004,1985,19,14.339850002884626,0.0
1980,1988,8,0.0,0.0
1982,2003,21,15.627562382434075,0.0
2014,1993,21,46.1635471525047,0.0
2002,1985,17,28.844129532345622,0.0
1997,1999,2,16.0,0.0
1980,2001,21,0.0,0.0
1994,1992,2,17.569269691115043,0.0
1997,2012,15,18.5754247590989,13.176952268336281
1997,1989,8,18.5754247590989,0.0
2012,1982,30,13.287712379549449,0.0
1980,1989,9,0.0,0.0
1980,1999,19,0.0,0.0
1980,1981,1,0.0,0.0
1993,1980,13,18.801758872564367,0.0
1980,1989,9,0.0,0.0
1980,2001,21,0.0,0.0
1980,1987,7,0.0,0.0
1980,2010,30,0.0,0.0
1980,1985,5,0.0,0.0
1985,2014,29,25.48756508066151,0.0
1992,2014,22,16.99171005377434,0.0
2010,1993,17,12.0,0.0
1980,2007,27,0.0,0.0
1981,1980,1,14.339850002884626,0.0
1981,1990,9,14.339850002884626,0.0
1980,2000,20,0.0,0.0
1980,1988,8,0.0,0.0
1984,1986,2,24.0,0.0
1980,1994,14,0.0,0.0
2010,1980,30,345.30465541308524,0.0
1980,1988,8,0.0,0.0
2008,1993,15,35.67545294909838,0.0
1980,1982,2,0.0,0.0
1991,1980,11,15.627562382434075,0.0
2006,2015,9,11.101319154423274,0.0
2009,1982,27,13.754887502163466,0.0
1980,1988,8,0.0,0.0
1980,1995,15,0.0,0.0
1980,1994,14,0.0,0.0
1993,1980,13,13.176952268336281,0.0
1993,1982,11,13.176952268336281,0.0
1980,1999,19,0.0,0.0
1985,1996,11,20.67970000576925,0.0
2006,2002,4,14.264662506490405,0.0
1980,1994,14,0.0,0.0
1980,1992,12,0.0,0.0
1980,1999,19,0.0,0.0
1980,2005,25,0.0,0.0
1980,2012,32,0.0,0.0
2008,1988,20,27.675452949098382,0.0
1980,1990,10,0.0,0.0
1980,1991,11,0.0,0.0
1980,2010,30,0.0,0.0
1980,1994,14,0.0,0.0
1980,2007,27,0.0,0.0
1980,1999,19,0.0,0.0
1981,2013,32,13.837726474549191,0.0
1980,2007,27,0.0,0.0
1980,2013,33,0.0,0.0
2005,1981,24,9.509775004326936,0.0
2013,1998,15,53.51317942364757,0.0
1997,1984,13,18.835705029771795,0.0
1980,2004,24,0.0,0.0
1980,2011,31,0.0,0.0
1980,2003,23,0.0,0.0
1984,1998,14,4.459431618637297,0.0
1994,1988,6,35.663517515343095,0.0
2014,1998,16,15.509775004326935,0.0
2010,2001,9,15.509775004326935,10.918863237274595
2009,1989,20,7.813781191217037,0.0
1980,1991,11,0.0,0.0
2011,2001,10,4.857980995127572,0.0
1980,1981,1,0.0,0.0
2007,2005,2,28.089471252113817,0.0
1980,1995,15,0.0,0.0
1982,1989,7,9.28771237954945,0.0
1998,2012,14,15.229419688230415,0.0
1980,2010,30,0.0,0.0
2004,1987,17,11.861474675125773,0.0
1980,1996,16,0.0,0.0
1980,2001,21,0.0,0.0
2005,1980,25,103.39850002884623,0.0
1980,1995,15,0.0,0.0
1980,2012,32,0.0,0.0
1980,2012,32,0.0,0.0
1980,2011,31,0.0,0.0
1994,1998,4,14.339850002884626,0.0
1980,1987,7,0.0,0.0
1996,1994,2,14.264662506490405,0.0
2010,1982,28,16.844129532345622,0.0
1980,1981,1,0.0,0.0
1985,1980,5,15.229419688230415,0.0
1989,2000,11,26.575424759098897,0.0
1985,2001,16,37.529325012980806,0.0
1987,2014,27,8.49585502688717,0.0
1980,1984,4,0.0,0.0
1986,1983,3,14.101319154423276,0.0
2003,1998,5,11.665780028329484,0.0
2010,1997,13,15.0,0.0
1980,1997,17,0.0,0.0
2000,2013,13,114.11730005192327,0.0
1998,1994,4,16.07265601385425,0.0
1982,2005,23,19.019550008653873,0.0
1995,2005,10,65.39940546000543,0.0
2005,1985,20,4.754887502163468,0.0
2011,2015,4,17.569269691115043,0.0
1980,2007,27,0.0,0.0
2006,2015,9,9.169925001442312,0.0
1980,1990,10,0.0,0.0
2005,2005,0,73.31660059469317,73.31660059469317
1993,1980,13,117.89785762314706,17.28771237954945
1995,2002,7,17.28771237954945,0.0
1980,1995,15,0.0,0.0
2000,2011,11,33.32753311006582,0.0
2008,2010,2,10.088788238716907,0.0
1980,1991,11,0.0,0.0
1980,2003,23,0.0,0.0
2003,2009,6,25.803362673613137,0.0
2005,1988,17,19.019550008653873,0.0
1980,1985,5,0.0,0.0
1991,1989,2,26.575424759098897,0.0
2009,2007,2,6.189824558880017,0.0
1980,2014,34,0.0,0.0
1980,2005,25,0.0,0.0
1988,1992,4,4.087462841250339,0.0
1980,1992,12,0.0,0.0
1980,2013,33,0.0,0.0
1980,1984,4,0.0,0.0
1980,1994,14,0.0,0.0
1980,2005,25,0.0,0.0
2001,1993,8,39.633570483095,9.28771237954945
1980,2004,24,0.0,0.0
1998,1983,15,6.339850002884624,0.0
1980,1986,6,0.0,0.0
2014,1982,32,14.339850002884626,0.0
1980,1982,2,0.0,0.0
1980,1980,0,0.0,0.0
1980,2001,21,0.0,0.0
1993,1983,10,47.12047648288934,0.0
2003,1988,15,5.954196310386875,0.0
1980,1990,10,0.0,0.0
2000,1992,8,8.422064766172811,0.0
1980,1994,14,0.0,0.0
1980,1999,19,0.0,0.0
1980,1999,19,0.0,0.0
1989,1987,2,14.801758872564369,0.0
1993,2000,7,28.679700005769252,0.0
1980,2000,20,0.0,0.0
1980,1995,15,15.627562382434075,0.0
1980,2000,20,16.0,0.0
2003,1981,22,39.86313713864835,0.0
2001,1994,7,11.720671786825557,0.0
1980,1987,7,0.0,0.0
1996,2012,16,23.530572197447366,0.0
1996,1989,7,23.530572197447366,0.0
1980,1980,0,0.0,0.0
1980,1983,3,0.0,0.0
1980,1993,13,0.0,0.0
1980,1999,19,0.0,0.0
1980,2005,25,0.0,0.0
2011,2015,4,39.86313713864835,0.0
2007,2010,3,9.047123912114026,0.0
1980,1989,9,0.0,0.0
1980,1987,7,0.0,0.0
1997,1993,4,5.044394119358453,0.0
1997,1996,1,11.229419688230417,0.0
1980,2004,24,0.0,0.0
1992,1984,8,15.816708693280106,0.0
1995,1981,14,137.06477719407377,0.0
2014,2011,3,73.35940001153848,0.0
2014,1994,20,27.509775004326936,0.0
1986,1997,11,14.801758872564369,0.0
2015,1987,28,14.801758872564369,0.0
1980,2013,33,13.837726474549191,0.0
1980,2013,33,0.0,0.0
1980,2015,35,0.0,0.0
1980,1986,6,0.0,0.0
1980,1983,3,0.0,0.0
1997,2001,4,12.509775004326936,0.0
1980,2003,23,0.0,0.0
1980,1993,13,0.0,0.0
1980,2006,26,0.0,0.0
1980,1993,13,0.0,0.0
2011,1988,23,13.754887502163466,0.0
2011,1990,21,9.28771237954945,0.0
2010,2010,0,15.262388523751017,15.262388523751017
1980,1980,0,0.0,0.0
2006,2005,1,16.0,0.0
1980,2000,20,0.0,0.0
1993,2011,18,33.3594000115385,6.0
2011,1999,12,17.569269691115043,0.0
1980,2014,34,0.0,0.0
2002,2012,10,4.700439718141092,0.0
2006,2004,2,14.78463484555752,0.0
2010,1987,23,16.66376655503291,0.0
1993,2012,19,16.67970000576925,6.0
2006,1995,11,38.45883937646083,3.9068905956085187
1980,1990,10,0.0,0.0
2013,2014,1,17.569269691115043,0.0
1991,2011,20,15.229419688230415,9.28771237954945
1980,1984,4,0.0,0.0
1991,1990,1,5.285402218862248,0.0
1980,1997,17,0.0,0.0
2010,2011,1,66.89147427955945,0.0
1991,1997,6,4.523561956057013,0.0
1980,1997,17,0.0,0.0
1980,2014,34,0.0,0.0
1980,2007,27,0.0,0.0
1980,1989,9,0.0,0.0
1980,2009,29,0.0,0.0
1980,1986,6,0.0,0.0
1980,1994,14,0.0,0.0
2008,2001,7,10.411510988012072,0.0
1998,1982,16,13.287712379549449,0.0
1980,1982,2,0.0,0.0
2004,1996,8,104.14637629118226,0.0
1980,1985,5,0.0,0.0
1980,2009,29,0.0,0.0
1980,2015,35,0.0,0.0
2004,1988,16,20.183761363689598,0.0
2002,1987,15,11.101319154423274,0.0
1991,1989,2,15.229419688230415,0.0
2014,2000,14,136.19864122267825,0.0
2002,2006,4,23.019550008653876,0.0
1984,2005,21,135.70685868171037,0.0
1980,2014,34,0.0,0.0
1994,2010,16,6.339850002884624,0.0
1980,2008,28,0.0,0.0
1991,1983,8,11.229419688230417,0.0
1994,1985,9,6.339850002884624,0.0
1980,2014,34,0.0,0.0
1984,1987,3,104.61452477640665,0.0
1980,2013,33,0.0,0.0
1980,1986,6,15.627562382434075,0.0
1980,2008,28,0.0,0.0
1980,2003,23,0.0,0.0
1980,2009,29,0.0,0.0
1980,2003,23,0.0,0.0
1996,2010,14,15.229419688230415,0.0
1980,2001,21,0.0,0.0
1989,1993,4,11.720671786825557,0.0
1980,2007,27,0.0,0.0
1989,1994,5,4.247927513443585,0.0
1980,2007,27,0.0,0.0
1980,1995,15,0.0,0.0
1980,2002,22,0.0,0.0
1999,2011,12,13.754887502163466,0.0
1980,2005,25,0.0,0.0
1980,1999,19,0.0,0.0
2009,2013,4,41.51317942364757,0.0
1980,1992,12,0.0,0.0
1980,2001,21,0.0,0.0
1980,1990,10,0.0,0.0
1992,1994,2,6.339850002884624,0.0
1980,1998,18,0.0,0.0
2008,2005,3,20.823021976024144,0.0
2010,2007,3,28.07354922057604,0.0
2004,2007,3,16.349851365001356,0.0
1985,1988,3,11.229419688230417,0.0
1980,1994,14,0.0,0.0
2011,1996,15,12.339850002884624,0.0
1980,2007,27,0.0,0.0
1980,1993,13,0.0,0.0
1980,2010,30,0.0,0.0
2006,2010,4,5.459431618637297,0.0
1980,1988,8,0.0,0.0
1980,1995,15,0.0,0.0
1980,1998,18,0.0,0.0
1992,1998,6,6.339850002884624,0.0
2005,1998,7,18.094247824228052,0.0
2004,2000,4,12.679700005769249,0.0
1980,2006,26,0.0,0.0
1980,2003,23,0.0,0.0
1980,2012,32,0.0,0.0
1998,2007,9,20.0,0.0
1998,1995,3,20.0,0.0
1998,1994,4,20.0,0.0
1980,1995,15,0.0,0.0
2005,2015,10,34.45883937646083,0.0
2008,2012,4,15.229419688230415,0.0
1993,2005,12,306.49450852513183,0.0
2004,1981,23,36.0,0.0
1984,1999,15,10.0,0.0
1980,1995,15,0.0,0.0
1980,2015,35,0.0,0.0
2007,1984,23,12.679700005769249,0.0
1980,2014,34,0.0,0.0
1980,2005,25,0.0,0.0
1980,2013,33,0.0,0.0
1980,2000,20,0.0,0.0
1999,2013,14,4.392317422778761,0.0
1980,2014,34,0.0,0.0
2014,2009,5,12.679700005769249,0.0
1980,2006,26,0.0,0.0
1980,1995,15,0.0,0.0
2002,2009,7,9.169925001442312,0.0
2011,2011,0,17.569269691115043,17.569269691115043
2011,2014,3,10.378294855911891,0.0
1980,2000,20,0.0,0.0
2004,2000,4,310.19550008653874,0.0
2003,2005,2,15.743782540330756,0.0
1992,2013,21,15.743782540330756,0.0
1987,2011,24,59.207035490257475,0.0
1987,2007,20,29.603517745128737,0.0
1996,1987,9,14.720671786825553,0.0
1986,1983,3,12.679700005769249,0.0
1980,1981,1,0.0,0.0
2007,2008,1,26.965102224631497,0.0
2005,1984,21,16.278794264106292,0.0
1996,1988,8,11.954559846999834,0.0
2011,2005,6,23.93422455911358,0.0
1980,1999,19,0.0,0.0
1980,2013,33,0.0,0.0
1983,2008,25,48.0,0.0
1981,2005,24,11.229419688230417,0.0
1980,1980,0,0.0,0.0
1980,2000,20,0.0,0.0
1996,2007,11,26.756589711823786,0.0
2003,1993,10,50.384403416830324,0.0
2001,2011,10,56.84696509220001,0.0
1985,2000,15,13.754887502163466,0.0
1985,2005,20,13.754887502163466,0.0
2001,2013,12,55.350905898196764,0.0
2012,2003,9,13.570685868171037,0.0
2000,1980,20,6.39231742277876,0.0
2011,2004,7,5.807354922057605,0.0
1980,1997,17,0.0,0.0
1980,2000,20,0.0,0.0
1980,1982,2,0.0,0.0
2013,2007,6,20.0,0.0
2005,2009,4,8.422064766172811,0.0
1990,1983,7,12.0,0.0
1980,1987,7,0.0,0.0
1980,2000,20,0.0,0.0
1980,1995,15,0.0,0.0
1980,1995,15,0.0,0.0
1981,2003,22,25.359400011538497,0.0
1980,2007,27,0.0,0.0
2012,1987,25,9.047123912114026,0.0
1980,2003,23,0.0,0.0
1980,2003,23,0.0,0.0
2008,1980,28,12.262388523751017,0.0
1980,2008,28,0.0,0.0
1980,1983,3,0.0,0.0
1980,2010,30,0.0,0.0
1993,2010,17,17.569269691115043,15.0
1980,1999,19,0.0,0.0
1980,2011,31,0.0,0.0
1992,1996,4,51.863137138648355,0.0
1980,2014,34,57.359400011538504,0.0
2007,2012,5,8.999999999999998,0.0
2005,2009,4,25.967412385318696,0.0
1985,2012,27,18.0076514759915,0.0
1980,1989,9,0.0,0.0
2002,1997,5,14.422064766172811,0.0
1983,2013,30,13.837726474549191,0.0
1980,1998,18,0.0,0.0
1980,1991,11,0.0,0.0
1980,1996,16,0.0,0.0
1980,1994,14,0.0,0.0
2013,2001,12,14.264662506490405,0.0
1980,1988,8,0.0,0.0
1992,2011,19,15.743782540330756,0.0
2004,1999,5,17.16877983053611,0.0
1980,1985,5,0.0,0.0
2015,1990,25,14.801758872564369,0.0
2011,2006,5,14.4189067312579,0.0
1988,1998,10,15.229419688230415,0.0
2009,1991,18,16.349851365001356,0.0
1980,1990,10,0.0,0.0
1984,2014,30,15.627562382434075,0.0
2005,2011,6,11.169925001442312,0.0
1980,2012,32,0.0,0.0
1980,2012,32,0.0,0.0
1980,2010,30,0.0,0.0
1993,2014,21,18.801758872564367,0.0
2004,2009,5,12.0,0.0
1980,1983,3,0.0,0.0
1980,1989,9,0.0,0.0
1980,2014,34,0.0,0.0
1980,1990,10,0.0,0.0
1980,2008,28,0.0,0.0
1989,2005,16,12.0,0.0
1980,1995,15,0.0,0.0
1990,1995,5,19.335381630940766,0.0
2000,2002,2,6.066089190457772,0.0
2000,1981,19,6.066089190457772,0.0
2000,2015,15,6.066089190457772,0.0
1980,1994,14,0.0,0.0
1980,1999,19,0.0,0.0
1980,1997,17,0.0,0.0
1980,2011,31,0.0,0.0
2009,2012,3,12.679700005769249,0.0
1980,2003,23,0.0,0.0
1980,1991,11,0.0,0.0
1980,2012,32,0.0,0.0
1980,1996,16,0.0,0.0
1980,2000,20,0.0,0.0
prediction,actual,diff,predSCore,actScore
1980,2009,29,0.0,0.0
1980,1993,13,0.0,0.0
2003,1984,19,18.5754247590989,0.0
1980,1985,5,0.0,0.0
1980,2013,33,0.0,0.0
1980,2014,34,0.0,0.0
1980,2013,33,0.0,0.0
1992,2013,21,4.321928094887363,0.0
1980,2013,33,0.0,0.0
1980,2014,34,0.0,0.0
1980,1980,0,0.0,0.0
1980,2015,35,0.0,0.0
1999,1999,0,60.532729432301444,60.532729432301444
1980,2000,20,0.0,0.0
1984,1996,12,15.627562382434075,0.0
1987,2004,17,11.720671786825557,0.0
2012,1983,29,16.0,0.0
1980,2001,21,0.0,0.0
1980,2013,33,0.0,0.0
1995,2014,19,13.287712379549449,0.0
1980,2013,33,0.0,0.0
1980,2002,22,0.0,0.0
1980,1982,2,0.0,0.0
2002,1985,17,14.801758872564369,0.0
1983,1995,12,11.422064766172811,0.0
1980,1987,7,0.0,0.0
1980,1990,10,0.0,0.0
2010,1991,19,17.983706192659348,0.0
1980,1986,6,0.0,0.0
1980,1999,19,0.0,0.0
1980,2000,20,0.0,0.0
1980,1986,6,0.0,0.0
2005,1987,18,7.400879436282184,0.0
1995,1993,2,35.67545294909838,0.0
1995,1987,8,16.278794264106292,0.0
1997,1987,10,50.718800023076994,0.0
1980,2010,30,0.0,0.0
1980,1991,11,0.0,0.0
2000,1989,11,5.459431618637297,0.0
1980,2011,31,0.0,0.0
2001,1980,21,10.339850002884624,0.0
1980,1983,3,0.0,0.0
1980,2012,32,0.0,0.0
2006,1994,12,18.801758872564367,0.0
1980,1994,14,0.0,0.0
1980,1982,2,0.0,0.0
1980,1984,4,0.0,0.0
1980,1983,3,0.0,0.0
1980,1994,14,0.0,0.0
1980,1988,8,0.0,0.0
1980,2003,23,0.0,0.0
1980,1984,4,0.0,0.0
1980,2006,26,0.0,0.0
1980,1999,19,0.0,0.0
1988,1987,1,48.0,0.0
1986,2007,21,42.303957463269825,0.0
1980,1989,9,0.0,0.0
1980,1982,2,0.0,0.0
1980,2014,34,0.0,0.0
1980,1999,19,0.0,0.0
1980,2014,34,0.0,0.0
1980,2005,25,0.0,0.0
1980,2005,25,0.0,0.0
1980,2007,27,9.28771237954945,0.0
1980,2009,29,0.0,0.0
1980,1996,16,0.0,0.0
1980,1988,8,0.0,0.0
1980,1984,4,0.0,0.0
1980,2004,24,0.0,0.0
2003,1994,9,3.4594316186372978,0.0
1995,1999,4,6.339850002884624,0.0
1980,1989,9,0.0,0.0
1986,2003,17,10.754887502163468,0.0
1985,2014,29,14.101319154423276,0.0
1980,1995,15,0.0,0.0
1980,1997,17,0.0,0.0
1980,1992,12,0.0,0.0
1996,2014,18,25.359400011538497,0.0
1980,2012,32,0.0,0.0
1980,2007,27,0.0,0.0
1997,1985,12,20.67970000576925,0.0
1995,2010,15,9.28771237954945,0.0
1980,2009,29,0.0,0.0
2008,2003,5,31.553008164401433,0.0
1980,1989,9,0.0,0.0
1980,1999,19,0.0,0.0
1980,1986,6,0.0,0.0
2010,1991,19,11.229419688230417,0.0
2010,1998,12,14.573942985382718,0.0
1980,2009,29,0.0,0.0
1980,2003,23,0.0,0.0
2005,2008,3,14.720671786825553,0.0
1980,1997,17,0.0,0.0
1980,1999,19,0.0,0.0
1980,1997,17,0.0,0.0
1990,1996,6,187.53074858920888,0.0
1982,2011,29,24.0,0.0
1980,2012,32,0.0,0.0
2001,2012,11,35.138539382230086,0.0
2005,2011,6,6.08746284125034,0.0
1980,1997,17,0.0,0.0
2005,2002,3,24.62756238243407,0.0
1993,2008,15,15.229419688230415,0.0
2002,2008,6,19.651484454403228,0.0
1980,2014,34,0.0,0.0
1985,1988,3,10.378294855911891,0.0
1980,1982,2,0.0,0.0
1980,2004,24,0.0,0.0
1980,1981,1,0.0,0.0
1980,1984,4,0.0,0.0
1995,2004,9,8.0,0.0
1980,1993,13,0.0,0.0
2002,2007,5,4.584962500721156,0.0
1980,1991,11,0.0,0.0
1980,1991,11,0.0,0.0
1980,1992,12,0.0,0.0
1980,1986,6,0.0,0.0
1980,1990,10,0.0,0.0
2008,1984,24,169.0836065824121,0.0
2005,1984,21,15.627562382434075,0.0
1980,1995,15,0.0,0.0
2004,1990,14,11.229419688230417,0.0
1980,1986,6,0.0,0.0
2009,1981,28,52.707809073345125,0.0
2012,2008,4,13.139711216661896,0.0
1987,1986,1,55.726274277296696,0.0
2008,1986,22,12.679700005769249,0.0
1980,2011,31,0.0,0.0
1980,1981,1,0.0,0.0
2008,2002,6,42.070677552535244,0.0
1980,1990,10,0.0,0.0
2011,1984,27,6.507794640198696,0.0
2013,2010,3,13.562719427049318,0.0
1980,1998,18,0.0,0.0
2003,1989,14,14.573942985382718,0.0
2004,2001,3,5.906890595608519,0.0
1980,1986,6,0.0,0.0
1995,1982,13,17.83772647454919,0.0
2008,1980,28,28.012652157049867,0.0
1980,1986,6,0.0,0.0
2014,2008,6,20.349851365001356,0.0
1980,2002,22,0.0,0.0
1980,2002,22,0.0,0.0
1980,1999,19,0.0,0.0
1980,1982,2,0.0,0.0
1994,1988,6,33.3594000115385,0.0
1997,1988,9,9.28771237954945,0.0
1980,1982,2,0.0,0.0
2008,2006,2,15.0,0.0
2014,2000,14,19.228172808413103,0.0
2010,2005,5,10.378294855911891,0.0
1980,1998,18,0.0,0.0
1980,1989,9,0.0,0.0
1997,2014,17,14.573942985382718,0.0
1980,1998,18,0.0,0.0
1980,1996,16,0.0,0.0
1980,2002,22,0.0,0.0
2000,2012,12,11.509775004326938,0.0
1980,1985,5,0.0,0.0
1980,1993,13,0.0,0.0
2004,2012,8,6.832890014164742,0.0
1980,1981,1,0.0,0.0
2010,2002,8,29.147885970765437,0.0
2009,1988,21,5.0,0.0
2002,2010,8,12.262388523751017,0.0
1995,1993,2,11.229419688230417,0.0
2007,2001,6,11.229419688230417,0.0
1998,1997,1,190.16483617504394,0.0
2003,2000,3,13.176952268336281,0.0
1980,1982,2,0.0,0.0
1980,2014,34,0.0,0.0
2000,2006,6,4.0,0.0
1980,2009,29,0.0,0.0
1996,1982,14,8.0,0.0
1980,2000,20,0.0,0.0
1980,2004,24,0.0,0.0
1980,2010,30,0.0,0.0
2006,1992,14,21.430208018472335,14.801758872564369
1995,1990,5,255.0,0.0
1980,2005,25,0.0,0.0
1980,2003,23,0.0,0.0
1980,1994,14,0.0,0.0
2000,1992,8,36.67970000576925,0.0
2006,2008,2,13.754887502163466,0.0
2006,2003,3,13.754887502163466,0.0
1980,1986,6,0.0,0.0
1980,2002,22,0.0,0.0
1980,1998,18,0.0,0.0
1980,2014,34,0.0,0.0
1980,2012,32,0.0,0.0
2003,1984,19,31.48756508066151,0.0
1980,1983,3,0.0,0.0
1980,2014,34,0.0,0.0
1980,1983,3,0.0,0.0
1980,1989,9,0.0,0.0
2008,1983,25,31.553008164401433,0.0
1980,2001,21,0.0,0.0
1983,1983,0,17.83772647454919,17.83772647454919
1993,1985,8,17.569269691115043,0.0
1986,1982,4,10.339850002884624,0.0
1980,1991,11,0.0,0.0
1980,1991,11,0.0,0.0
1980,2005,25,0.0,0.0
1980,2015,35,0.0,0.0
1980,1993,13,0.0,0.0
2012,2001,11,19.90851869626513,0.0
2008,1992,16,52.588346940669055,0.0
1980,1984,4,0.0,0.0
1995,1980,15,17.999999999999996,0.0
1980,1981,1,0.0,0.0
1980,1981,1,0.0,0.0
2006,1992,14,9.169925001442312,0.0
1980,2010,30,0.0,0.0
1980,1981,1,0.0,0.0
1993,2009,16,52.70780907334513,0.0
2004,2014,10,23.17555503265642,0.0
2005,2002,3,8.784634845557521,0.0
1980,1996,16,0.0,0.0
1985,2006,21,5.0,0.0
1991,2009,18,25.837726474549193,0.0
2008,1997,11,55.01955000865387,0.0
1993,1983,10,16.570685868171037,0.0
1995,1986,9,15.62836009688685,0.0
1996,2001,5,12.0,0.0
1980,1995,15,0.0,0.0
1980,2015,35,0.0,0.0
1980,2003,23,0.0,0.0
1980,2010,30,0.0,0.0
2006,2005,1,27.509775004326933,0.0
1997,2010,13,16.66376655503291,0.0
2001,1984,17,8.0,0.0
2006,1981,25,27.509775004326933,0.0
1980,2013,33,0.0,0.0
2000,2002,2,11.509775004326938,0.0
1980,1985,5,0.0,0.0
1980,1992,12,0.0,0.0
1980,1993,13,0.0,0.0
1983,2014,31,13.287712379549449,0.0
2000,2010,10,4.459431618637297,0.0
2015,2008,7,19.019550008653873,0.0
2007,2012,5,19.431923980510287,0.0
2001,1990,11,8.0,0.0
1980,2013,33,0.0,0.0
2009,1997,12,13.047123912114026,0.0
1980,1997,17,0.0,0.0
1988,1986,2,10.174925682500678,0.0
1980,2015,35,0.0,0.0
2005,2015,10,15.627562382434075,0.0
1980,2004,24,0.0,0.0
1982,1988,6,10.339850002884624,0.0
1980,1994,14,0.0,0.0
1998,2001,3,11.34485068394299,0.0
2010,1997,13,24.28990497563786,0.0
1980,2013,33,0.0,0.0
1980,1998,18,0.0,0.0
1987,1990,3,14.339850002884626,0.0
1997,2010,13,32.353904536672566,0.0
1994,2003,9,32.0,0.0
2006,1999,7,18.797487383876387,0.0
2007,1985,22,17.83772647454919,0.0
2008,1986,22,26.807354922057606,0.0
1980,1991,11,0.0,0.0
1991,1994,3,37.62178853528951,0.0
1986,1990,4,14.339850002884626,0.0
1980,1997,17,0.0,0.0
2013,1992,21,14.573942985382718,0.0
1984,2013,29,12.679700005769249,0.0
1980,2008,28,0.0,0.0
2002,1987,15,4.459431618637297,0.0
1989,1990,1,44.405276617693104,0.0
1980,2005,25,0.0,0.0
2010,2013,3,13.37829485591189,0.0
1999,2002,3,4.754887502163468,0.0
1980,1998,18,0.0,0.0
2007,1983,24,17.28771237954945,0.0
1996,1990,6,16.0,0.0
1997,1998,1,15.856206656586743,0.0
2008,1999,9,10.517669388133811,0.0
1989,1980,9,5.832890014164742,0.0
1990,1983,7,9.28771237954945,0.0
1980,1980,0,0.0,0.0
2001,2014,13,28.52932501298081,0.0
1980,2011,31,0.0,0.0
1980,1984,4,0.0,0.0
1994,1990,4,4.643856189774725,0.0
2009,2001,8,50.039100017307746,0.0
2003,1982,21,17.183761363689595,0.0
1980,1980,0,0.0,0.0
1999,1980,19,29.43653191654334,0.0
1980,1983,3,0.0,0.0
1980,1989,9,0.0,0.0
1987,1985,2,14.801758872564369,0.0
1984,1999,15,16.0,0.0
1999,2008,9,8.999999999999998,0.0
1981,2008,27,14.339850002884626,0.0
2001,2008,7,15.0,6.20945336562895
1981,1990,9,11.229419688230417,0.0
1991,1999,8,15.229419688230415,0.0
1980,2013,33,0.0,0.0
1996,1993,3,76.14709844115208,0.0
1980,2009,29,0.0,0.0
2000,1986,14,10.378294855911891,0.0
2004,1991,13,17.83772647454919,0.0
2011,1998,13,11.56271942704932,0.0
2008,2010,2,10.517669388133811,5.754887502163469
1981,2000,19,42.793987519471216,0.0
1980,1996,16,0.0,0.0
1980,1986,6,0.0,0.0
2006,2003,3,14.339850002884626,0.0
1996,2010,14,17.264662506490406,0.0
1980,1983,3,0.0,0.0
2005,1991,14,10.754887502163468,0.0
1980,1989,9,0.0,0.0
1980,1983,3,0.0,0.0
1980,1981,1,0.0,0.0
1990,1984,6,35.16201536047667,0.0
1983,1983,0,8.643856189774725,8.643856189774725
2008,1991,17,6.768184324776927,0.0
1995,2002,7,5.20945336562895,0.0
2006,2011,5,30.682025340556258,0.0
1995,2008,13,11.229419688230417,0.0
1986,1983,3,14.339850002884626,0.0
1980,1983,3,0.0,0.0
1980,2005,25,0.0,0.0
1980,1999,19,0.0,0.0
1980,1990,10,0.0,0.0
1980,1984,4,0.0,0.0
1998,1984,14,14.801758872564369,0.0
2008,1997,11,15.229419688230415,0.0
2004,1987,17,29.062544548398424,0.0
2014,2012,2,15.62836009688685,0.0
2010,1985,25,12.0,0.0
2006,1988,18,9.509775004326936,0.0
1980,2009,29,0.0,0.0
1980,2008,28,0.0,0.0
1980,2009,29,0.0,0.0
1988,1990,2,58.039100017307746,0.0
2013,1993,20,10.174925682500678,0.0
2014,1993,21,29.441343573651107,0.0
1980,1987,7,0.0,0.0
1996,1994,2,20.0,0.0
1980,1994,14,0.0,0.0
2015,1990,25,16.349851365001356,0.0
1980,1996,16,0.0,0.0
1980,1994,14,0.0,0.0
2002,1988,14,19.019550008653873,0.0
1996,1982,14,12.679700005769249,0.0
2004,2002,2,12.0,0.0
1980,2006,26,0.0,0.0
1994,1983,11,4.0,0.0
1980,1992,12,0.0,0.0
1980,1998,18,0.0,0.0
1980,2011,31,0.0,0.0
1980,1992,12,0.0,0.0
2012,2014,2,15.965784284662085,0.0
1980,1986,6,0.0,0.0
1980,2000,20,0.0,0.0
1980,1994,14,0.0,0.0
1980,1981,1,0.0,0.0
1980,1985,5,0.0,0.0
1980,2005,25,0.0,0.0
1980,2008,28,0.0,0.0
1980,2002,22,0.0,0.0
1993,1982,11,16.570685868171037,0.0
1993,2010,17,16.570685868171037,0.0
1980,2014,34,0.0,0.0
1980,2003,23,0.0,0.0
1980,1982,2,0.0,0.0
1980,2000,20,0.0,0.0
1980,2009,29,0.0,0.0
2005,2004,1,8.784634845557521,0.0
1980,1986,6,0.0,0.0
2000,1999,1,23.441343573651114,0.0
1982,2014,32,13.287712379549449,0.0
1994,1980,14,5.700439718141093,0.0
1982,1984,2,27.675452949098382,0.0
1980,2014,34,0.0,0.0
1986,1982,4,20.756589711823782,0.0
1980,1994,14,0.0,0.0
2006,1990,16,12.217048913556336,0.0
1980,1980,0,0.0,0.0
1980,1985,5,0.0,0.0
1980,1988,8,0.0,0.0
1980,2003,23,0.0,0.0
1996,1993,3,29.651484454403224,0.0
1980,1985,5,0.0,0.0
1980,1999,19,0.0,0.0
1980,2001,21,0.0,0.0
1980,1992,12,0.0,0.0
1980,2012,32,0.0,0.0
1995,1989,6,15.0,0.0
2009,1982,27,11.665780028329484,0.0
1980,1989,9,0.0,0.0
1994,1999,5,17.101319154423276,0.0
1980,1981,1,0.0,0.0
1996,1980,16,4.0,0.0
1980,1989,9,0.0,0.0
1980,2001,21,0.0,0.0
1980,1987,7,0.0,0.0
1980,2010,30,0.0,0.0
1980,1985,5,0.0,0.0
1980,2014,34,0.0,0.0
2001,2014,13,36.0,0.0
1980,1993,13,0.0,0.0
1980,2007,27,0.0,0.0
1980,1980,0,0.0,0.0
1985,1990,5,13.287712379549449,0.0
1980,2000,20,0.0,0.0
1980,1988,8,0.0,0.0
1980,1986,6,0.0,0.0
1980,1994,14,0.0,0.0
1980,1980,0,0.0,0.0
1980,1988,8,0.0,0.0
1980,1993,13,0.0,0.0
1980,1982,2,0.0,0.0
2003,1980,23,19.8167852415475,0.0
1980,2015,35,0.0,0.0
2001,1982,19,24.0,0.0
1980,1988,8,0.0,0.0
1980,1995,15,0.0,0.0
1980,1994,14,0.0,0.0
1980,1980,0,0.0,0.0
1980,1982,2,0.0,0.0
1980,1999,19,0.0,0.0
1980,1996,16,0.0,0.0
1980,2002,22,0.0,0.0
1980,1994,14,0.0,0.0
1985,1992,7,4.954196310386875,0.0
1980,1999,19,0.0,0.0
1983,2005,22,10.378294855911891,0.0
1987,2012,25,28.679700005769252,0.0
1987,1988,1,28.679700005769252,0.0
1980,1990,10,0.0,0.0
1980,1991,11,0.0,0.0
1980,2010,30,0.0,0.0
2013,1994,19,64.5293250129808,0.0
2011,2007,4,17.862588931160623,0.0
1980,1999,19,11.101319154423274,0.0
2009,2013,4,14.573942985382718,0.0
1980,2007,27,0.0,0.0
2002,2013,11,76.07820003461549,0.0
1980,1981,1,0.0,0.0
1984,1998,14,21.984307190393885,0.0
1980,1984,4,0.0,0.0
1995,2004,9,5.78135971352466,0.0
1980,2011,31,0.0,0.0
1990,2003,13,23.042599881712917,0.0
2000,1998,2,9.28771237954945,0.0
2001,1988,13,73.30229348133801,0.0
1995,1998,3,5.78135971352466,0.0
2008,2001,7,49.426677866967076,0.0
2001,1989,12,17.28771237954945,0.0
1980,1991,11,0.0,0.0
1980,2001,21,0.0,0.0
1980,1981,1,0.0,0.0
2004,2005,1,12.0,6.714245517666123
2005,1995,10,28.202638308846552,0.0
1997,1989,8,46.88268714730222,0.0
1992,2012,20,5.614709844115208,0.0
2010,2010,0,22.5482198573542,22.5482198573542
2004,1987,17,9.28771237954945,0.0
2011,1996,15,45.0,0.0
1980,2001,21,0.0,0.0
1980,1980,0,0.0,0.0
1980,1995,15,0.0,0.0
1980,2012,32,0.0,0.0
1986,2012,26,14.101319154423276,0.0
2009,2011,2,9.28771237954945,0.0
1980,1998,18,0.0,0.0
1980,1987,7,0.0,0.0
1980,1994,14,0.0,0.0
2004,1982,22,12.0,0.0
2002,1981,21,13.754887502163466,0.0
2007,1980,27,14.801758872564369,0.0
1997,2000,3,11.047123912114026,0.0
1980,2001,21,0.0,0.0
1997,2014,17,14.422064766172811,0.0
2002,1984,18,15.62836009688685,0.0
2002,1983,19,15.62836009688685,0.0
2008,1998,10,17.83772647454919,0.0
2004,1997,7,15.743782540330756,0.0
1980,1997,17,0.0,0.0
1980,2013,33,0.0,0.0
1983,1994,11,15.628360096886851,0.0
1980,2005,25,0.0,0.0
1980,2005,25,0.0,0.0
1981,1985,4,11.101319154423274,0.0
1980,2015,35,0.0,0.0
1980,2007,27,0.0,0.0
1980,2015,35,0.0,0.0
1980,1990,10,0.0,0.0
1980,2005,25,0.0,0.0
1998,1980,18,16.67970000576925,6.339850002884624
1980,2002,22,0.0,0.0
1980,1995,15,0.0,0.0
2009,2011,2,16.99171005377434,8.0
1982,2010,28,13.837726474549191,0.0
2006,1991,15,12.217048913556336,0.0
1988,2003,15,50.718800023076994,0.0
1999,2009,10,5.930737337562887,0.0
1980,1988,8,0.0,0.0
2007,1985,22,17.309272057055935,0.0
1980,1989,9,0.0,0.0
1980,2007,27,0.0,0.0
1980,2014,34,0.0,0.0
1980,2005,25,0.0,0.0
1980,1992,12,0.0,0.0
1980,1992,12,0.0,0.0
2002,2013,11,12.643856189774723,0.0
1980,1984,4,0.0,0.0
1980,1994,14,0.0,0.0
1980,2005,25,0.0,0.0
1986,1993,7,10.339850002884624,0.0
2011,2004,7,18.3878490508349,0.0
1980,1983,3,0.0,0.0
2011,1986,25,18.3878490508349,0.0
1980,1982,2,0.0,0.0
1980,1982,2,0.0,0.0
2014,1980,34,14.862588931160623,0.0
2004,2001,3,8.224001674198105,0.0
1980,1983,3,0.0,0.0
1980,1988,8,0.0,0.0
1980,1990,10,0.0,0.0
1980,1992,12,0.0,0.0
1980,1994,14,0.0,0.0
1980,1999,19,0.0,0.0
1980,1999,19,0.0,0.0
1980,1987,7,0.0,0.0
1980,2000,20,0.0,0.0
1980,2000,20,0.0,0.0
1980,1995,15,0.0,0.0
1980,2000,20,0.0,0.0
2008,1981,27,38.25023658808155,0.0
1981,1994,13,9.965784284662087,0.0
1980,1987,7,0.0,0.0
1998,2012,14,12.262388523751017,0.0
1980,1989,9,0.0,0.0
2003,1980,23,19.8167852415475,0.0
1991,1983,8,11.720671786825557,0.0
1980,1993,13,0.0,0.0
1980,1999,19,0.0,0.0
1980,2005,25,0.0,0.0
1985,2015,30,5.392317422778761,0.0
1980,2010,30,0.0,0.0
1980,1989,9,0.0,0.0
2013,1987,26,13.562719427049318,0.0
1980,1993,13,0.0,0.0
1983,1996,13,16.0,0.0
1980,2004,24,0.0,0.0
2002,1984,18,55.019550008653866,0.0
1980,1981,1,0.0,0.0
1980,2011,31,0.0,0.0
1999,1994,5,68.53238859703688,22.560750773060573
2010,1997,13,23.04814625421956,0.0
1980,1987,7,0.0,0.0
1980,2013,33,0.0,0.0
1980,2013,33,0.0,0.0
2008,2015,7,11.422064766172811,0.0
1980,1986,6,0.0,0.0
1980,1983,3,0.0,0.0
1980,2001,21,0.0,0.0
1985,2003,18,15.229419688230415,0.0
1995,1993,2,53.513179423647564,10.852529509404196
1993,2006,13,18.5754247590989,9.965784284662087
1983,1993,10,8.0,0.0
1987,1988,1,14.801758872564369,0.0
1980,1990,10,0.0,0.0
2013,2010,3,114.71880002307702,0.0
1980,1980,0,0.0,0.0
2009,2005,4,8.0,0.0
1980,2000,20,0.0,0.0
2009,2011,2,55.019550008653866,0.0
1980,1999,19,0.0,0.0
1980,2014,34,0.0,0.0
1980,2012,32,0.0,0.0
1980,2004,24,0.0,0.0
1980,1987,7,0.0,0.0
1980,2012,32,0.0,0.0
1980,1995,15,0.0,0.0
1980,1990,10,0.0,0.0
1980,2014,34,0.0,0.0
2015,2011,4,19.019550008653873,0.0
1980,1984,4,0.0,0.0
1980,1990,10,0.0,0.0
1995,1997,2,14.573942985382718,0.0
1980,2011,31,0.0,0.0
1980,1997,17,0.0,0.0
1980,1997,17,0.0,0.0
2010,2014,4,17.84962500721156,0.0
1980,2007,27,0.0,0.0
2004,1989,15,14.801758872564369,0.0
1980,2009,29,0.0,0.0
1980,1986,6,0.0,0.0
1988,1994,6,4.754887502163468,3.169925001442312
1980,2001,21,0.0,0.0
2000,1982,18,15.229419688230415,0.0
1987,1982,5,10.339850002884624,0.0
1998,1996,2,26.856982070664493,0.0
1989,1985,4,25.359400011538497,0.0
2002,2009,7,19.27438270352381,0.0
1980,2015,35,0.0,0.0
1980,1988,8,0.0,0.0
2007,1987,20,27.675452949098382,0.0
1993,1989,4,3.5849625007211565,0.0
1980,2000,20,0.0,0.0
1980,2006,26,0.0,0.0
1980,2005,25,0.0,0.0
1980,2014,34,0.0,0.0
1980,2010,30,0.0,0.0
1980,2008,28,0.0,0.0
1996,1983,13,16.67970000576925,0.0
1980,1985,5,0.0,0.0
1980,2014,34,0.0,0.0
1980,1987,7,0.0,0.0
1980,2013,33,0.0,0.0
1980,1986,6,0.0,0.0
1983,2008,25,14.801758872564369,0.0
1980,2003,23,0.0,0.0
1980,2009,29,0.0,0.0
1996,2003,7,14.422064766172811,0.0
2004,2010,6,26.96586794560459,0.0
2010,2001,9,22.20263830884655,0.0
1980,1993,13,0.0,0.0
1980,2007,27,0.0,0.0
1980,1994,14,0.0,0.0
1997,2007,10,31.019550008653873,0.0
2005,1995,10,4.643856189774725,0.0
1980,2002,22,0.0,0.0
2002,2011,9,72.0,0.0
1980,2005,25,0.0,0.0
1980,1999,19,0.0,0.0
1980,2013,33,0.0,0.0
1980,1992,12,0.0,0.0
1981,2001,20,15.627562382434075,0.0
2009,1990,19,29.725177862321253,0.0
1998,1994,4,12.509775004326936,0.0
2013,1998,15,14.339850002884626,0.0
1980,2005,25,0.0,0.0
2011,2007,4,24.529621069485778,10.4189067312579
1995,2007,12,15.62836009688685,0.0
1980,1988,8,0.0,0.0
1980,1994,14,0.0,0.0
1998,1996,2,18.339850002884624,0.0
1980,2007,27,0.0,0.0
1980,1993,13,0.0,0.0
1990,2010,20,6.339850002884624,0.0
2015,2010,5,16.0,0.0
1980,1988,8,0.0,0.0
1980,1995,15,0.0,0.0
1980,1998,18,0.0,0.0
2004,1998,6,16.67970000576925,0.0
1980,1998,18,0.0,0.0
2004,2000,4,4.169925001442312,0.0
2007,2006,1,6.129283016944966,0.0
1980,2003,23,0.0,0.0
1988,2012,24,10.088788238716907,0.0
1980,2007,27,0.0,0.0
1989,1995,6,14.801758872564369,0.0
2013,1994,19,10.339850002884624,0.0
1985,1995,10,8.0,0.0
2006,2015,9,32.0,0.0
2006,2012,6,32.0,0.0
1996,2005,9,25.359400011538497,0.0
1980,1981,1,0.0,0.0
1980,1999,19,0.0,0.0
1980,1995,15,0.0,0.0
1996,2015,19,12.679700005769249,0.0
1980,1984,4,0.0,0.0
2005,2014,9,12.0,0.0
1980,2005,25,0.0,0.0
1980,2013,33,0.0,0.0
2004,2000,4,6.599912842187127,0.0
2011,2013,2,40.92107377449112,0.0
1980,2014,34,0.0,0.0
1980,2009,29,0.0,0.0
2014,2006,8,16.37829485591189,0.0
1995,1995,0,53.51317942364757,53.51317942364757
2007,2009,2,14.801758872564369,0.0
1998,2011,13,7.754887502163467,0.0
1980,2014,34,0.0,0.0
2007,2000,7,61.69925001442312,0.0
2013,2000,13,21.509775004326936,0.0
1980,2005,25,0.0,0.0
1988,2013,25,12.743782540330756,0.0
1980,2011,31,0.0,0.0
1992,2007,15,13.837726474549191,0.0
1980,1987,7,0.0,0.0
1989,1983,6,4.321928094887363,0.0
1980,1981,1,0.0,0.0
1991,2008,17,50.039100017307746,0.0
2000,1984,16,10.339850002884624,0.0
1980,1988,8,0.0,0.0
1980,2005,25,0.0,0.0
2009,1999,10,1478.2787746783677,0.0
2009,2013,4,1478.2787746783677,0.0
1980,2008,28,0.0,0.0
2008,2005,3,31.553008164401433,0.0
1980,1980,0,0.0,0.0
2001,2000,1,11.715961990255144,0.0
2001,2007,6,11.715961990255144,0.0
1980,1993,13,0.0,0.0
1999,2011,12,9.28771237954945,0.0
1980,2000,20,0.0,0.0
1980,2005,25,0.0,0.0
1980,2013,33,0.0,0.0
1980,2003,23,0.0,0.0
2009,1980,29,141.2430353420367,0.0
1980,2004,24,0.0,0.0
1980,1997,17,0.0,0.0
1980,2000,20,0.0,0.0
1980,1982,2,0.0,0.0
1980,2007,27,0.0,0.0
1980,2009,29,0.0,0.0
2002,1983,19,12.643856189774723,0.0
1980,1987,7,0.0,0.0
2007,2000,7,27.675452949098382,19.431923980510287
1980,1995,15,0.0,0.0
1980,1995,15,0.0,0.0
1980,2003,23,0.0,0.0
1980,2007,27,0.0,0.0
1980,1987,7,0.0,0.0
2004,2003,1,12.17492568250068,0.0
1980,2003,23,0.0,0.0
1980,1980,0,0.0,0.0
2015,2008,7,24.0,0.0
1992,1983,9,16.0,0.0
1980,2010,30,0.0,0.0
1980,2010,30,0.0,0.0
2012,1999,13,19.627562382434075,0.0
1980,2011,31,0.0,0.0
1999,1996,3,5.491853096329675,0.0
2005,2014,9,17.83772647454919,0.0
1980,2012,32,0.0,0.0
1980,2009,29,0.0,0.0
1980,2012,32,0.0,0.0
2007,1989,18,17.83772647454919,0.0
1980,1997,17,0.0,0.0
1980,2013,33,0.0,0.0
2003,1998,5,74.3016990363956,0.0
1980,1991,11,0.0,0.0
1980,1996,16,0.0,0.0
1980,1994,14,0.0,0.0
1980,2001,21,0.0,0.0
1992,1988,4,13.837726474549191,4.754887502163468
1980,2011,31,0.0,0.0
1980,1999,19,0.0,0.0
1980,1985,5,0.0,0.0
1995,1990,5,19.019550008653873,0.0
2002,2006,4,14.422064766172811,0.0
2000,1998,2,16.67970000576925,0.0
1980,1991,11,0.0,0.0
1980,1990,10,0.0,0.0
1995,2014,19,19.019550008653873,0.0
1980,2011,31,0.0,0.0
1994,2012,18,17.101319154423276,0.0
1980,2012,32,0.0,0.0
1980,2010,30,0.0,0.0
1980,2014,34,0.0,0.0
1980,2009,29,0.0,0.0
2008,1983,25,20.177576477433814,0.0
1980,1989,9,0.0,0.0
1980,2014,34,0.0,0.0
1997,1990,7,135.99604341276802,0.0
1980,2008,28,0.0,0.0
1980,2005,25,0.0,0.0
2002,1995,7,4.584962500721156,0.0
1980,1995,15,0.0,0.0
1980,2002,22,0.0,0.0
2003,1981,22,14.801758872564369,0.0
1985,2015,30,21.509775004326936,0.0
1980,1994,14,0.0,0.0
2004,1999,5,14.422064766172811,0.0
1980,1997,17,0.0,0.0
1980,2011,31,0.0,0.0
1980,2012,32,0.0,0.0
1980,2003,23,0.0,0.0
1980,1991,11,0.0,0.0
1980,2012,32,0.0,0.0
1980,1996,16,0.0,0.0
2005,2000,5,8.784634845557521,0.0
prediction,actual,diff,predSCore,actScore
1980,2009,29,0.0,0.0
1991,1993,2,15.229419688230415,0.0
1980,1984,4,0.0,0.0
2001,1985,16,36.67970000576925,0.0
1980,2013,33,0.0,0.0
1980,2014,34,0.0,0.0
1980,2013,33,0.0,0.0
2003,2013,10,11.715961990255144,0.0
1980,2013,33,0.0,0.0
1996,2014,18,61.31194261875508,0.0
1996,1980,16,61.31194261875508,0.0
1980,2015,35,12.0,0.0
1980,1999,19,0.0,0.0
1980,2000,20,0.0,0.0
1980,1996,16,0.0,0.0
1980,2004,24,0.0,0.0
2002,1983,19,55.7262742772967,0.0
1988,2001,13,10.339850002884624,0.0
1980,2013,33,0.0,0.0
2013,2014,1,43.01955000865388,0.0
2013,2013,0,43.01955000865388,43.01955000865388
1980,2002,22,0.0,0.0
1990,1982,8,14.422064766172811,0.0
1980,1985,5,0.0,0.0
2014,1995,19,15.856206656586743,0.0
1996,1987,9,14.264662506490405,0.0
2013,1990,23,196.21499122004107,0.0
1980,1991,11,0.0,0.0
2013,1986,27,17.569269691115043,0.0
1980,1999,19,0.0,0.0
2010,2000,10,14.720671786825553,0.0
1980,1986,6,0.0,0.0
2014,1987,27,13.754887502163466,0.0
1980,1993,13,0.0,0.0
2001,1987,14,19.431923980510287,0.0
2011,1987,24,7.965784284662087,0.0
2011,2010,1,7.965784284662087,0.0
2000,1991,9,5.321928094887362,0.0
1980,1989,9,0.0,0.0
1980,2011,31,0.0,0.0
2000,1980,20,5.321928094887362,0.0
1980,1983,3,0.0,0.0
1980,2012,32,0.0,0.0
1983,1994,11,13.837726474549191,0.0
1980,1994,14,0.0,0.0
2002,1982,20,14.101319154423276,0.0
1999,1984,15,12.679700005769249,0.0
2008,1983,25,28.085199763425837,0.0
1980,1994,14,0.0,0.0
1980,1988,8,0.0,0.0
1980,2003,23,0.0,0.0
1980,1984,4,0.0,0.0
1980,2006,26,0.0,0.0
2011,1999,12,6.643856189774724,0.0
1982,1987,5,16.0,0.0
1980,2007,27,0.0,0.0
1996,1989,7,35.14788597076543,0.0
1980,1982,2,0.0,0.0
1980,2014,34,0.0,0.0
1980,1999,19,0.0,0.0
2014,2014,0,13.176952268336281,13.176952268336281
1980,2005,25,0.0,0.0
1980,2005,25,0.0,0.0
1995,2007,12,17.999999999999996,0.0
2005,2009,4,26.575424759098897,0.0
1980,1996,16,0.0,0.0
1980,1988,8,0.0,0.0
1980,1984,4,0.0,0.0
2004,2004,0,8.999999999999998,8.999999999999998
2002,1994,8,26.575424759098897,16.349851365001356
1999,1999,0,68.4052766176931,68.4052766176931
2007,1989,18,13.176952268336281,0.0
1980,2003,23,10.339850002884624,0.0
1980,2014,34,0.0,0.0
1983,1995,12,10.754887502163468,0.0
2008,1997,11,18.426264754702096,0.0
1980,1992,12,0.0,0.0
1980,2014,34,0.0,0.0
1980,2012,32,0.0,0.0
2003,2007,4,16.99171005377434,0.0
2000,1985,15,19.57068586817104,0.0
2003,2010,7,17.28771237954945,0.0
1999,2009,10,50.718800023076994,0.0
1980,2003,23,0.0,0.0
1980,1989,9,0.0,0.0
1980,1999,19,0.0,0.0
1980,1986,6,0.0,0.0
1980,1991,11,0.0,0.0
1989,1998,9,3.9068905956085187,0.0
2011,2009,2,20.481582664323916,11.047123912114026
1980,2003,23,8.0,0.0
1980,2008,28,0.0,0.0
1993,1997,4,41.92719772666301,0.0
1980,1999,19,0.0,0.0
2012,1997,15,6.741466986401147,0.0
2009,1996,13,32.1453120277085,0.0
1980,2011,31,0.0,0.0
2005,2012,7,30.45883937646083,0.0
1980,2012,32,0.0,0.0
1985,2011,26,15.627562382434075,0.0
1980,1997,17,0.0,0.0
1980,2002,22,0.0,0.0
1980,2008,28,0.0,0.0
1980,2008,28,0.0,0.0
1980,2014,34,0.0,0.0
1980,1988,8,0.0,0.0
2014,1982,32,16.67970000576925,0.0
1980,2004,24,0.0,0.0
1980,1981,1,0.0,0.0
1980,1984,4,0.0,0.0
1980,2004,24,0.0,0.0
1994,1993,1,6.442943495848728,0.0
2005,2007,2,16.378294855911893,0.0
2005,1991,14,16.378294855911893,0.0
1995,1991,4,18.339850002884624,0.0
2003,1992,11,13.570685868171037,0.0
2011,1986,25,8.422064766172811,0.0
1980,1990,10,0.0,0.0
1999,1984,15,58.882687147302214,0.0
1999,1984,15,9.28771237954945,0.0
1980,1995,15,0.0,0.0
2004,1990,14,11.422064766172811,0.0
1980,1986,6,0.0,0.0
1980,1981,1,0.0,0.0
1987,2008,21,11.101319154423274,0.0
2000,1986,14,12.0,0.0
2001,1986,15,152.15640006923098,0.0
1980,2011,31,0.0,0.0
1992,1981,11,18.801758872564367,0.0
1980,2002,22,0.0,0.0
2015,1990,25,16.99171005377434,0.0
2003,1984,19,6.285402218862248,0.0
2005,2010,5,8.396604781181859,0.0
2013,1998,15,10.754887502163468,0.0
1980,1989,9,0.0,0.0
1980,2001,21,0.0,0.0
1988,1986,2,12.679700005769249,0.0
1980,1982,2,0.0,0.0
2003,1980,23,16.0,0.0
2010,1986,24,13.754887502163466,0.0
1980,2008,28,0.0,0.0
1984,2002,18,14.339850002884626,0.0
2015,2002,13,18.801758872564367,0.0
2015,1999,16,18.801758872564367,0.0
2008,1982,26,12.679700005769249,0.0
2008,1988,20,21.31820792694732,0.0
1980,1988,8,0.0,0.0
1993,1982,11,44.405276617693104,0.0
1992,2006,14,16.99171005377434,0.0
2008,2000,8,12.457637380991763,0.0
2009,2005,4,11.422064766172811,0.0
1994,1998,4,16.67970000576925,0.0
1994,1989,5,16.67970000576925,0.0
2011,2014,3,5.392317422778761,0.0
1980,1998,18,0.0,0.0
1980,1996,16,0.0,0.0
1980,2002,22,0.0,0.0
1980,2012,32,0.0,0.0
1985,1985,0,5.129283016944966,5.129283016944966
1980,1993,13,0.0,0.0
1994,2012,18,82.69646833851924,0.0
1980,1981,1,0.0,0.0
2002,2002,0,13.287712379549449,13.287712379549449
1993,1988,5,14.801758872564369,0.0
1980,2010,30,0.0,0.0
2003,1993,10,13.37829485591189,0.0
1980,2001,21,0.0,0.0
1980,1997,17,0.0,0.0
1980,2000,20,0.0,0.0
1980,1982,2,0.0,0.0
1980,2014,34,0.0,0.0
1980,2006,26,0.0,0.0
1980,2009,29,0.0,0.0
2006,1982,24,8.422064766172811,0.0
1991,2000,9,32.0,0.0
1980,2004,24,0.0,0.0
1980,2010,30,0.0,0.0
1980,1992,12,0.0,0.0
1980,1990,10,0.0,0.0
1980,2005,25,0.0,0.0
1980,2003,23,0.0,0.0
1980,1994,14,0.0,0.0
1980,1992,12,0.0,0.0
1990,2008,18,17.83772647454919,0.0
1995,2003,8,17.83772647454919,0.0
2010,1986,24,25.931568569324178,0.0
1982,2002,20,17.569269691115043,0.0
1982,1998,16,17.569269691115043,0.0
1980,2014,34,0.0,0.0
2009,2012,3,16.67970000576925,0.0
1980,1984,4,0.0,0.0
1983,1983,0,90.76048999263462,90.76048999263462
1980,2014,34,0.0,0.0
2000,1983,17,10.339850002884624,0.0
2004,1989,15,12.0,0.0
1980,1983,3,0.0,0.0
1980,2001,21,0.0,0.0
1980,1983,3,0.0,0.0
1980,1985,5,0.0,0.0
1980,1982,2,0.0,0.0
1989,1991,2,13.570685868171037,0.0
1984,1991,7,9.509775004326936,0.0
1987,2005,18,13.287712379549449,0.0
1980,2015,35,0.0,0.0
2010,1993,17,18.5754247590989,0.0
1995,2001,6,10.98370619265935,0.0
1980,1992,12,0.0,0.0
2005,1984,21,5.754887502163469,0.0
2004,1980,24,47.897352853986256,0.0
1980,1981,1,0.0,0.0
1980,1981,1,0.0,0.0
2015,1992,23,4.0,0.0
1993,2010,17,15.229419688230415,0.0
1980,1981,1,0.0,0.0
1980,2009,29,0.0,0.0
1990,2014,24,17.999999999999996,0.0
1980,2002,22,0.0,0.0
1997,1996,1,12.965784284662087,0.0
1980,2006,26,0.0,0.0
1999,2009,10,16.844129532345622,0.0
1994,1997,3,48.0,0.0
1980,1983,3,0.0,0.0
1990,1986,4,16.0,0.0
1980,2001,21,0.0,0.0
1980,1995,15,0.0,0.0
1980,2015,35,0.0,0.0
1980,2003,23,0.0,0.0
2004,2010,6,27.43192398051029,0.0
1996,2005,9,9.509775004326936,0.0
2008,2010,2,5.169925001442312,0.0
1980,1984,4,0.0,0.0
1980,1981,1,0.0,0.0
1980,2013,33,0.0,0.0
1999,2002,3,9.28771237954945,0.0
1980,1985,5,0.0,0.0
1996,1992,4,9.965784284662087,0.0
1980,1993,13,0.0,0.0
1995,2014,19,17.509775004326936,0.0
1980,2010,30,0.0,0.0
1980,2008,28,0.0,0.0
1980,2012,32,0.0,0.0
1995,1990,5,31.12543885409864,23.363707678174293
1980,2013,33,0.0,0.0
2015,1997,18,19.431923980510287,0.0
2013,1997,16,17.569269691115043,0.0
2013,1986,27,17.569269691115043,0.0
2013,2015,2,17.569269691115043,0.0
1996,2015,19,17.569269691115043,0.0
1980,2004,24,0.0,0.0
1980,1988,8,0.0,0.0
1980,1994,14,0.0,0.0
1980,2001,21,0.0,0.0
2002,1997,5,82.718800023077,0.0
1989,2013,24,3.700439718141092,0.0
1980,1998,18,0.0,0.0
1980,1990,10,0.0,0.0
1980,2010,30,0.0,0.0
2001,2003,2,20.8378134625158,0.0
1999,1999,0,13.570685868171037,13.570685868171037
1980,1985,5,0.0,0.0
1998,1986,12,18.5754247590989,0.0
2005,1991,14,15.509775004326935,0.0
1980,1994,14,0.0,0.0
1988,1990,2,11.101319154423274,0.0
1980,1997,17,0.0,0.0
1980,1992,12,0.0,0.0
1980,2013,33,0.0,0.0
1980,2008,28,0.0,0.0
1980,1987,7,0.0,0.0
1980,1990,10,0.0,0.0
1980,2005,25,0.0,0.0
1991,2013,22,12.262388523751017,0.0
1980,2002,22,0.0,0.0
2008,1998,10,36.67970000576925,11.509775004326938
1980,1983,3,0.0,0.0
1980,1990,10,0.0,0.0
1980,1998,18,0.0,0.0
1983,1999,16,5.643856189774724,0.0
1980,1980,0,0.0,0.0
1980,1983,3,0.0,0.0
1980,1980,0,0.0,0.0
1987,2014,27,5.700439718141093,0.0
1980,2011,31,0.0,0.0
1980,1984,4,0.0,0.0
2004,1990,14,17.83772647454919,0.0
1980,2001,21,0.0,0.0
1980,1982,2,0.0,0.0
1992,1980,12,14.573942985382718,0.0
1983,1980,3,5.727920454563199,0.0
2001,1983,18,127.2276749286221,0.0
1980,1989,9,0.0,0.0
1982,1985,3,86.03910001730776,0.0
1980,1999,19,0.0,0.0
1981,2008,27,6.339850002884624,0.0
1980,2008,28,0.0,0.0
1980,2008,28,0.0,0.0
1980,1990,10,0.0,0.0
1992,1999,7,9.614709844115207,0.0
1984,2013,29,9.509775004326936,0.0
1985,1993,8,15.627562382434075,0.0
1980,2009,29,0.0,0.0
1980,1986,6,0.0,0.0
1980,1991,11,0.0,0.0
1986,1998,12,11.229419688230417,0.0
1980,2010,30,0.0,0.0
1995,2000,5,7.754887502163467,0.0
1980,1996,16,0.0,0.0
2004,1986,18,6.189824558880017,0.0
1980,2003,23,0.0,0.0
1980,2010,30,0.0,0.0
1980,1983,3,0.0,0.0
1980,1991,11,0.0,0.0
2005,1989,16,11.509775004326938,0.0
2010,1983,27,17.83772647454919,0.0
2004,1981,23,14.339850002884626,0.0
1992,1984,8,15.509775004326935,0.0
1994,1983,11,11.229419688230417,0.0
1985,1991,6,32.69970273000271,0.0
2013,2002,11,8.0,0.0
1984,2011,27,41.51317942364757,0.0
1989,2008,19,10.754887502163468,0.0
1980,1983,3,0.0,0.0
1980,1983,3,0.0,0.0
1980,2005,25,0.0,0.0
1980,1999,19,0.0,0.0
1980,1990,10,0.0,0.0
1980,1984,4,0.0,0.0
1980,1984,4,0.0,0.0
1980,1997,17,0.0,0.0
1980,1987,7,0.0,0.0
1980,2012,32,0.0,0.0
1980,1985,5,0.0,0.0
1984,1988,4,9.509775004326936,0.0
1980,2009,29,0.0,0.0
1980,2008,28,0.0,0.0
1980,2009,29,0.0,0.0
1980,1990,10,0.0,0.0
1994,1993,1,297.20679614558236,0.0
1980,1993,13,0.0,0.0
1996,1987,9,15.229419688230415,0.0
1980,1994,14,0.0,0.0
1980,1994,14,0.0,0.0
2003,1990,13,9.047123912114026,0.0
2015,1996,19,15.627562382434075,0.0
1980,1994,14,0.0,0.0
2005,1988,17,20.956013078088098,0.0
1983,1982,1,8.918863237274595,0.0
1980,2002,22,0.0,0.0
2013,2006,7,14.339850002884626,0.0
1980,1983,3,0.0,0.0
1980,1992,12,0.0,0.0
1980,1998,18,0.0,0.0
1980,2011,31,0.0,0.0
1980,1992,12,0.0,0.0
1980,2014,34,0.0,0.0
2008,1986,22,15.062762921032624,0.0
1990,2000,10,48.0,16.99171005377434
1994,1994,0,4.0,4.0
1996,1981,15,12.457637380991763,0.0
1983,1985,2,14.801758872564369,0.0
1980,2005,25,0.0,0.0
1990,2008,18,16.67970000576925,0.0
1980,2002,22,0.0,0.0
1983,1982,1,5.643856189774724,0.0
1980,2010,30,0.0,0.0
1980,2014,34,0.0,0.0
1980,2003,23,0.0,0.0
1980,1982,2,0.0,0.0
2010,2000,10,14.339850002884626,0.0
1980,2009,29,0.0,0.0
1980,2004,24,0.0,0.0
1980,1986,6,0.0,0.0
1980,1999,19,0.0,0.0
1980,2014,34,0.0,0.0
1980,1980,0,0.0,0.0
1980,1984,4,0.0,0.0
2007,2014,7,13.287712379549449,0.0
1980,1982,2,0.0,0.0
1998,1994,4,6.339850002884624,0.0
2002,1990,12,11.509775004326938,0.0
1980,1980,0,12.679700005769249,12.679700005769249
2004,1985,19,16.349851365001356,0.0
2001,1988,13,15.229419688230415,0.0
1980,2003,23,0.0,0.0
1980,1993,13,0.0,0.0
1980,1985,5,0.0,0.0
1980,1999,19,0.0,0.0
1980,2001,21,0.0,0.0
1980,1992,12,0.0,0.0
1980,2012,32,0.0,0.0
1980,1989,9,0.0,0.0
1980,1982,2,0.0,0.0
1980,1989,9,0.0,0.0
1980,1999,19,0.0,0.0
1980,1981,1,0.0,0.0
2004,1980,24,16.349851365001356,0.0
2009,1989,20,13.176952268336281,0.0
1994,2001,7,60.91767875292166,0.0
1980,1987,7,0.0,0.0
2005,2010,5,13.931568569324176,0.0
2003,1985,18,29.603517745128737,8.0
1980,2014,34,0.0,0.0
1980,2014,34,0.0,0.0
1980,1993,13,0.0,0.0
1980,2007,27,0.0,0.0
1980,1980,0,0.0,0.0
1994,1990,4,19.84962500721156,0.0
1980,2000,20,0.0,0.0
1980,1988,8,0.0,0.0
1987,1986,1,12.262388523751017,0.0
1994,1994,0,18.094247824228052,18.094247824228052
1980,1980,0,0.0,0.0
1980,1988,8,0.0,0.0
1980,1993,13,0.0,0.0
1980,1982,2,0.0,0.0
1980,1980,0,0.0,0.0
2011,2015,4,16.0,0.0
1980,1982,2,0.0,0.0
1980,1988,8,0.0,0.0
1980,1995,15,0.0,0.0
1980,1994,14,0.0,0.0
1992,1980,12,9.813781191217037,0.0
1992,1982,10,9.813781191217037,0.0
1980,1999,19,0.0,0.0
1980,1996,16,0.0,0.0
1981,2002,21,15.229419688230415,0.0
1987,1994,7,14.801758872564369,0.0
1980,1992,12,0.0,0.0
1994,1999,5,28.529325012980813,0.0
1985,2005,20,24.0,0.0
1980,2012,32,0.0,0.0
1993,1988,5,18.801758872564367,0.0
1980,1990,10,0.0,0.0
1986,1991,5,9.28771237954945,0.0
1998,2010,12,4.321928094887363,0.0
1996,1994,2,12.0,0.0
1996,2007,11,12.0,0.0
2006,1999,7,22.085025347082624,0.0
1986,2013,27,12.0,0.0
2008,2007,1,12.509775004326936,0.0
2008,2013,5,12.509775004326936,0.0
1980,1981,1,0.0,0.0
1980,1998,18,0.0,0.0
2013,1984,29,18.094247824228052,0.0
1980,2004,24,0.0,0.0
1983,2011,28,22.458839376460833,0.0
1983,2003,20,32.69970273000271,0.0
1980,1998,18,0.0,0.0
1980,1988,8,0.0,0.0
1980,1998,18,0.0,0.0
2007,2001,6,17.57394298538272,0.0
1996,1989,7,158.12342722003547,0.0
2005,1991,14,12.679700005769249,0.0
1980,2001,21,0.0,0.0
1980,1981,1,0.0,0.0
1980,2005,25,0.0,0.0
1980,1995,15,0.0,0.0
1980,1989,9,0.0,0.0
1980,2012,32,0.0,0.0
1990,2010,20,13.837726474549191,0.0
2014,1987,27,32.0,0.0
1980,1996,16,0.0,0.0
2013,2001,12,12.0,0.0
1980,1980,0,0.0,0.0
2011,1995,16,12.509775004326936,0.0
1980,2012,32,0.0,0.0
1980,2012,32,0.0,0.0
2005,2011,6,13.931568569324176,0.0
2005,1998,7,12.280480810318375,0.0
2008,1987,21,38.039100017307746,0.0
1980,1994,14,0.0,0.0
2007,1982,25,20.177576477433814,12.679700005769249
2007,1981,26,30.266364716150722,0.0
1980,1980,0,0.0,0.0
1980,2000,20,0.0,0.0
2005,2001,4,46.54959321013599,13.287712379549449
1995,2014,19,20.517132067779865,0.0
1995,1984,11,20.517132067779865,0.0
2005,1983,22,15.62836009688685,0.0
1980,1998,18,0.0,0.0
1991,1997,6,14.339850002884626,0.0
1980,1997,17,0.0,0.0
2003,2013,10,15.229419688230415,0.0
2001,1994,7,13.536368649553854,0.0
2010,2005,5,16.86925645527345,0.0
1999,2005,6,12.0,0.0
1980,1985,5,0.0,0.0
2003,2015,12,23.034856377736197,0.0
1995,2007,12,38.517426480318434,0.0
1996,2015,19,29.142736552998365,0.0
2009,1990,19,15.943087107901542,0.0
1980,2005,25,0.0,0.0
1980,1980,0,0.0,0.0
2013,2002,11,20.517132067779865,0.0
2003,1995,8,12.262388523751017,0.0
1980,2011,31,0.0,0.0
1980,2010,30,0.0,0.0
2008,1991,17,12.679700005769249,0.0
1980,2003,23,0.0,0.0
1980,2009,29,0.0,0.0
1980,1988,8,0.0,0.0
1980,1985,5,0.0,0.0
1980,1989,9,0.0,0.0
1981,2007,26,29.603517745128737,0.0
1981,2014,33,14.801758872564369,0.0
1980,2005,25,0.0,0.0
1980,1992,12,0.0,0.0
1980,1992,12,0.0,0.0
2001,2013,12,12.0,0.0
1980,1984,4,0.0,0.0
1980,1994,14,0.0,0.0
1980,2005,25,0.0,0.0
1980,1993,13,0.0,0.0
1999,2004,5,13.378294855911893,0.0
1980,1983,3,0.0,0.0
1991,1986,5,96.0,0.0
1997,1982,15,4.754887502163468,0.0
1980,1982,2,0.0,0.0
1980,1980,0,0.0,0.0
1980,2001,21,0.0,0.0
1980,1983,3,0.0,0.0
2009,1988,21,16.67970000576925,0.0
1980,1990,10,0.0,0.0
1980,1992,12,0.0,0.0
1980,1994,14,0.0,0.0
1980,1999,19,0.0,0.0
2004,1999,5,11.61470984411521,10.174925682500678
2000,1987,13,9.715961990255144,0.0
1998,2000,2,29.441343573651107,0.0
1980,2000,20,0.0,0.0
1980,1995,15,0.0,0.0
1980,2000,20,0.0,0.0
1980,1981,1,0.0,0.0
2014,1994,20,20.67970000576925,0.0
1997,1987,10,13.837726474549191,0.0
1981,2012,31,12.679700005769249,0.0
1980,1989,9,0.0,0.0
2001,1980,21,14.264662506490405,0.0
2003,1983,20,30.45883937646083,0.0
1980,1993,13,0.0,0.0
1980,1999,19,13.837726474549191,0.0
1980,2005,25,0.0,0.0
1980,2015,35,0.0,0.0
1980,2010,30,0.0,0.0
1980,1989,9,0.0,0.0
1980,1987,7,0.0,0.0
1980,1993,13,0.0,0.0
1980,1996,16,0.0,0.0
1980,2004,24,0.0,0.0
1980,1984,4,0.0,0.0
1980,1981,1,0.0,0.0
1987,2011,24,14.801758872564369,0.0
1980,1994,14,0.0,0.0
1992,1997,5,13.37829485591189,0.0
1980,1987,7,0.0,0.0
1993,2013,20,9.28771237954945,0.0
1998,2013,15,13.754887502163466,0.0
1980,2015,35,0.0,0.0
1980,1986,6,0.0,0.0
1980,1983,3,0.0,0.0
1980,2001,21,0.0,0.0
1980,2003,23,0.0,0.0
1998,1993,5,4.0,0.0
1995,2006,11,16.67970000576925,0.0
1980,1993,13,0.0,0.0
1980,1988,8,0.0,0.0
1980,1990,10,0.0,0.0
1980,2010,30,0.0,0.0
1980,1980,0,0.0,0.0
1995,2005,10,4.906890595608519,0.0
1989,2000,11,7.400879436282184,0.0
2015,2011,4,8.0,0.0
1980,1999,19,0.0,0.0
1980,2014,34,0.0,0.0
2005,2012,7,16.0,0.0
1981,2004,23,12.965784284662087,0.0
1980,1987,7,0.0,0.0
1994,2012,18,26.575424759098897,0.0
2009,1995,14,60.303957463269825,0.0
1990,1990,0,15.627562382434075,15.627562382434075
1980,2014,34,0.0,0.0
1980,2011,31,0.0,0.0
1998,1984,14,15.3878490508349,0.0
1981,1990,9,44.37895002019237,0.0
1981,1997,16,31.69925001442312,0.0
1981,2011,30,44.37895002019237,0.0
1980,1997,17,0.0,0.0
1996,1997,1,94.00879436282187,0.0
1980,2014,34,0.0,0.0
1997,2007,10,13.931568569324176,0.0
1980,1989,9,0.0,0.0
1980,2009,29,0.0,0.0
1980,1986,6,0.0,0.0
1980,1994,14,0.0,0.0
1980,2001,21,0.0,0.0
1993,1982,11,11.229419688230417,0.0
2005,1982,23,18.882120593907644,0.0
1980,1996,16,0.0,0.0
2008,1985,23,12.0,0.0
1980,2009,29,0.0,0.0
1980,2015,35,0.0,0.0
1980,1988,8,0.0,0.0
1980,1987,7,0.0,0.0
1980,1989,9,0.0,0.0
1993,2000,7,11.56271942704932,0.0
1980,2006,26,0.0,0.0
2014,2005,9,15.13318235807536,0.0
1980,2014,34,0.0,0.0
1981,2010,29,22.458839376460833,0.0
1997,2008,11,35.138539382230086,0.0
1994,1983,11,18.094247824228052,0.0
1980,1985,5,0.0,0.0
1980,2014,34,0.0,0.0
2000,1987,13,13.37829485591189,5.392317422778761
1980,2013,33,0.0,0.0
1980,1986,6,0.0,0.0
1990,2008,18,19.019550008653873,7.531381460516312
1993,2003,10,13.837726474549191,0.0
2000,2009,9,60.91767875292166,0.0
1980,2003,23,0.0,0.0
1980,2010,30,0.0,0.0
1980,2001,21,0.0,0.0
1995,1993,2,8.49585502688717,0.0
1980,2007,27,0.0,0.0
1980,1994,14,0.0,0.0
1980,2007,27,0.0,0.0
1985,1995,10,7.813781191217037,0.0
1980,2002,22,0.0,0.0
2004,2011,7,21.83772647454919,0.0
1980,2005,25,0.0,0.0
2013,1999,14,18.5754247590989,0.0
1980,2013,33,0.0,0.0
1980,1992,12,0.0,0.0
2008,2001,7,46.88268714730222,0.0
1980,1990,10,0.0,0.0
1980,1994,14,0.0,0.0
2005,1998,7,5.321928094887362,0.0
2005,2005,0,5.321928094887362,5.321928094887362
1980,2007,27,0.0,0.0
1980,2007,27,0.0,0.0
2008,1988,20,16.0,0.0
1980,1994,14,0.0,0.0
2009,1996,13,12.262388523751017,0.0
1980,2007,27,0.0,0.0
1980,1993,13,0.0,0.0
2010,2010,0,240.00840448387845,240.00840448387845
1980,2010,30,0.0,0.0
1980,1988,8,0.0,0.0
1980,1995,15,0.0,0.0
1980,1998,18,0.0,0.0
1980,1998,18,0.0,0.0
1989,1998,9,43.01955000865387,0.0
2012,2000,12,26.253496664211536,0.0
2013,2006,7,13.837726474549191,0.0
1980,2003,23,0.0,0.0
1980,2012,32,0.0,0.0
2010,2007,3,33.7385129105469,0.0
1980,1995,15,0.0,0.0
2014,1994,20,12.715104009236168,0.0
1991,1995,4,130.02797331369229,0.0
1980,2015,35,0.0,0.0
1980,2012,32,0.0,0.0
1980,2005,25,0.0,0.0
1980,1981,1,0.0,0.0
1989,1999,10,43.01955000865387,0.0
1992,1995,3,13.754887502163466,0.0
2004,2015,11,29.836331509133732,0.0
1997,1984,13,17.569269691115043,0.0
1992,2014,22,10.378294855911891,0.0
1995,2005,10,12.0,0.0
1980,2013,33,0.0,0.0
1980,2000,20,0.0,0.0
2011,2013,2,26.81540929187365,0.0
1982,2014,32,28.202638308846552,0.0
1980,2009,29,0.0,0.0
2003,2006,3,12.262388523751017,0.0
2002,1995,7,15.229419688230415,0.0
1980,2009,29,0.0,0.0
2011,2011,0,11.229419688230417,11.229419688230417
1980,2014,34,0.0,0.0
1980,2000,20,0.0,0.0
1980,2000,20,0.0,0.0
2015,2005,10,8.0,0.0
2001,2013,12,16.0,0.0
1980,2011,31,0.0,0.0
1980,2007,27,0.0,0.0
1991,1987,4,59.207035490257475,0.0
1980,1983,3,0.0,0.0
1980,1981,1,0.0,0.0
1989,2008,19,16.0,0.0
1980,1984,4,0.0,0.0
2010,1988,22,9.715961990255144,0.0
1995,2005,10,5.523561956057013,0.0
1980,1999,19,0.0,0.0
1994,2013,19,14.422064766172811,0.0
2004,2008,4,11.422064766172811,0.0
1980,2005,25,0.0,0.0
1980,1980,0,0.0,0.0
2005,2000,5,13.837726474549191,0.0
1987,2007,20,14.801758872564369,0.0
2010,1993,17,10.339850002884624,0.0
2008,2011,3,20.0,0.0
1994,2000,6,27.675452949098382,0.0
1993,2005,12,17.28771237954945,0.0
1980,2013,33,0.0,0.0
2001,2003,2,28.801758872564367,0.0
1996,1980,16,8.0,0.0
1980,2004,24,0.0,0.0
2004,1997,7,29.441343573651107,0.0
1980,2000,20,0.0,0.0
1980,1982,2,0.0,0.0
1981,2007,26,11.720671786825557,0.0
2008,2009,1,5.906890595608519,0.0
2008,1983,25,22.52057863859943,0.0
2008,1987,21,22.52057863859943,0.0
1980,2000,20,16.99171005377434,0.0
2000,1995,5,16.99171005377434,0.0
2008,1995,13,9.28771237954945,0.0
1980,2003,23,0.0,0.0
1980,2007,27,0.0,0.0
1980,1987,7,0.0,0.0
1980,2003,23,0.0,0.0
1980,2003,23,0.0,0.0
2009,1980,29,25.359400011538497,0.0
1998,2008,10,12.679700005769249,0.0
2004,1983,21,79.82892142331042,0.0
1980,2010,30,0.0,0.0
1980,2010,30,0.0,0.0
1980,1999,19,0.0,0.0
1980,2011,31,0.0,0.0
1992,1996,4,11.229419688230417,0.0
1999,2014,15,103.7829485591189,0.0
1980,2012,32,0.0,0.0
1980,2009,29,0.0,0.0
1980,2012,32,0.0,0.0
1980,1989,9,0.0,0.0
1996,1997,1,5.20945336562895,0.0
2009,2013,4,16.67970000576925,0.0
2006,1998,8,4.087462841250339,0.0
1993,1991,2,65.88476134168141,0.0
1980,1996,16,0.0,0.0
1980,1994,14,0.0,0.0
1980,2001,21,0.0,0.0
1980,1988,8,0.0,0.0
1980,2011,31,0.0,0.0
1980,1999,19,0.0,0.0
2005,1985,20,106.30169903639559,0.0
2011,1990,21,32.0,0.0
1980,2006,26,0.0,0.0
1980,1998,18,0.0,0.0
2011,1991,20,4.0,0.0
1980,1990,10,0.0,0.0
1980,2014,34,0.0,0.0
1980,2011,31,0.0,0.0
1980,2012,32,0.0,0.0
1980,2012,32,0.0,0.0
1993,2010,17,78.60593781761293,0.0
1986,2014,28,24.0,0.0
1980,2009,29,0.0,0.0
1991,1983,8,11.229419688230417,0.0
1985,1989,4,15.229419688230415,0.0
1980,2014,34,0.0,0.0
2011,1990,21,15.62836009688685,0.0
1980,2008,28,0.0,0.0
2003,2005,2,12.262388523751017,0.0
1980,1995,15,0.0,0.0
1980,1995,15,0.0,0.0
2005,2002,3,17.999999999999996,0.0
1980,1981,1,0.0,0.0
1984,2015,31,9.047123912114026,0.0
2006,1994,12,12.0,0.0
1980,1999,19,0.0,0.0
1998,1997,1,45.787165571253055,0.0
1980,2011,31,0.0,0.0
2009,2012,3,11.400879436282185,0.0
1980,2003,23,0.0,0.0
1988,1991,3,12.262388523751017,0.0
1980,2012,32,0.0,0.0
1996,1996,0,13.837726474549191,13.837726474549191
1980,2000,20,0.0,0.0
prediction,actual,diff,predSCore,actScore
1980,2009,29,0.0,0.0
1986,1993,7,32.0,0.0
2013,1984,29,8.0,0.0
1980,1985,5,0.0,0.0
2012,2013,1,19.8167852415475,0.0
2008,2014,6,9.509775004326936,0.0
1993,2013,20,9.813781191217037,0.0
1980,2013,33,0.0,0.0
1980,2013,33,0.0,0.0
1997,2014,17,26.720671786825555,0.0
2002,1980,22,13.754887502163466,0.0
1984,2015,31,258.52330649126094,0.0
2002,1999,3,16.67970000576925,0.0
1997,2000,3,13.837726474549191,9.28771237954945
1995,1996,1,14.720671786825553,0.0
1991,2004,13,33.50977500432694,0.0
2001,1983,18,361.2139611096212,0.0
1980,2001,21,0.0,0.0
1980,2013,33,0.0,0.0
1997,2014,17,18.13318235807536,0.0
1996,2013,17,13.176952268336281,0.0
1980,2002,22,0.0,0.0
1980,1982,2,0.0,0.0
1983,1985,2,112.29419688230419,0.0
2008,1995,13,63.616193190107786,0.0
1998,1987,11,13.287712379549449,0.0
1980,1990,10,0.0,0.0
1980,1991,11,0.0,0.0
1994,1986,8,10.643856189774723,0.0
2007,1999,8,8.918863237274595,0.0
1980,2000,20,0.0,0.0
1980,1986,6,0.0,0.0
2001,1987,14,13.837726474549191,0.0
1980,1993,13,0.0,0.0
2000,1987,13,15.627562382434075,0.0
1980,1987,7,0.0,0.0
2004,2010,6,38.23134762099227,0.0
2009,1991,18,31.93156856932417,0.0
2002,1989,13,6.475733430966398,0.0
1984,2011,27,8.999999999999998,0.0
1996,1980,16,13.176952268336281,0.0
2011,1983,28,22.911681818252795,0.0
1980,2012,32,0.0,0.0
2002,1994,8,22.458839376460833,0.0
1980,1994,14,0.0,0.0
1980,1982,2,0.0,0.0
1988,1984,4,16.349851365001356,0.0
2010,1983,27,18.5754247590989,0.0
1980,1994,14,0.0,0.0
1980,1988,8,0.0,0.0
1980,2003,23,0.0,0.0
1980,1984,4,0.0,0.0
1980,2006,26,0.0,0.0
1980,1999,19,0.0,0.0
1980,1987,7,0.0,0.0
1980,2007,27,0.0,0.0
2003,1989,14,15.229419688230415,0.0
1980,1982,2,0.0,0.0
1980,2014,34,0.0,0.0
1980,1999,19,0.0,0.0
1985,2014,29,14.339850002884626,0.0
1980,2005,25,0.0,0.0
1980,2005,25,0.0,0.0
1980,2007,27,0.0,0.0
1980,2009,29,0.0,0.0
1980,1996,16,0.0,0.0
1980,1988,8,0.0,0.0
2007,1984,23,12.217048913556336,0.0
1999,2004,5,20.67970000576925,0.0
1995,1994,1,18.801758872564367,0.0
1992,1999,7,13.287712379549449,0.0
1980,1989,9,0.0,0.0
1980,2003,23,0.0,0.0
2000,2014,14,4.0,0.0
1980,1995,15,0.0,0.0
2003,1997,6,56.0,0.0
1997,1992,5,77.79470570797253,0.0
1998,2014,16,14.339850002884626,0.0
1980,2012,32,0.0,0.0
2005,2007,2,3.5849625007211565,0.0
1980,1985,5,0.0,0.0
1980,2010,30,0.0,0.0
2009,2009,0,11.400879436282185,11.400879436282185
1980,2003,23,0.0,0.0
1980,1989,9,0.0,0.0
1980,1999,19,0.0,0.0
1980,1986,6,0.0,0.0
1980,1991,11,0.0,0.0
1993,1998,5,37.603517745128734,0.0
1980,2009,29,0.0,0.0
2014,2003,11,10.339850002884624,0.0
1980,2008,28,0.0,0.0
2012,1997,15,14.801758872564369,0.0
1980,1999,19,0.0,0.0
2002,1997,5,64.0,0.0
1980,1996,16,0.0,0.0
1980,2011,31,0.0,0.0
1980,2012,32,0.0,0.0
2015,2012,3,14.801758872564369,0.0
1980,2011,31,0.0,0.0
2014,1997,17,14.862588931160623,0.0
2013,2002,11,215.99999999999997,0.0
2004,2008,4,6.022367813028454,0.0
1980,2008,28,0.0,0.0
2009,2014,5,44.25349666421153,0.0
2011,1988,23,16.0,0.0
2007,1982,25,9.28771237954945,0.0
1998,2004,6,18.339850002884624,0.0
1980,1981,1,0.0,0.0
2001,1984,17,27.86313713864835,0.0
2003,2004,1,16.17695226833628,0.0
1980,1993,13,0.0,0.0
1980,2007,27,0.0,0.0
1980,1991,11,0.0,0.0
1980,1991,11,0.0,0.0
1980,1992,12,0.0,0.0
2001,1986,15,9.509775004326936,0.0
1980,1990,10,0.0,0.0
1980,1984,4,0.0,0.0
1980,1984,4,0.0,0.0
2005,1995,10,94.12228878978945,0.0
2012,1990,22,3.0,0.0
1981,1986,5,42.793987519471216,0.0
1989,1981,8,5.044394119358453,0.0
2009,2008,1,26.75658971182378,0.0
1980,1986,6,0.0,0.0
1980,1986,6,0.0,0.0
1980,2011,31,0.0,0.0
1980,1981,1,0.0,0.0
1980,2002,22,0.0,0.0
2002,1990,12,24.0,0.0
2012,1984,28,53.79551931149924,0.0
2011,2010,1,18.094247824228052,0.0
1991,1998,7,16.99171005377434,0.0
1991,1989,2,16.99171005377434,0.0
1980,2001,21,0.0,0.0
1980,1986,6,0.0,0.0
1998,1982,16,26.575424759098897,0.0
1980,1980,0,0.0,0.0
1980,1986,6,0.0,0.0
1980,2008,28,0.0,0.0
1980,2002,22,0.0,0.0
1980,2002,22,0.0,0.0
1980,1999,19,0.0,0.0
1980,1982,2,0.0,0.0
2014,1988,26,15.0,0.0
1980,1988,8,0.0,0.0
1980,1982,2,0.0,0.0
2003,2006,3,8.826548487290914,0.0
1980,2000,20,0.0,0.0
2012,2005,7,12.0,0.0
1990,1998,8,13.287712379549449,4.0
1980,1989,9,0.0,0.0
1980,2014,34,0.0,0.0
1980,1998,18,0.0,0.0
2006,1996,10,16.931568569324174,0.0
1980,2002,22,13.837726474549191,0.0
2004,2012,8,22.835705029771795,0.0
1993,1985,8,20.67970000576925,0.0
2005,1993,12,31.379989529016868,0.0
2013,2012,1,6.0,0.0
1980,1981,1,0.0,0.0
1980,2002,22,0.0,0.0
1991,1988,3,21.40087943628218,0.0
1980,2010,30,0.0,0.0
1980,1993,13,0.0,0.0
1995,2001,6,35.67545294909838,0.0
2005,1997,8,16.0,0.0
1980,2000,20,0.0,0.0
1980,1982,2,0.0,0.0
1980,2014,34,0.0,0.0
1989,2006,17,26.575424759098897,0.0
1980,2009,29,0.0,0.0
2004,1982,22,37.1508495181978,0.0
2000,2000,0,16.278794264106292,16.278794264106292
2000,2004,4,16.278794264106292,0.0
2001,2010,9,16.67970000576925,0.0
1982,1992,10,40.13488456773567,0.0
1980,1990,10,0.0,0.0
1980,2005,25,0.0,0.0
1992,2003,11,18.5754247590989,0.0
1989,1994,5,32.69970273000271,0.0
1980,1992,12,0.0,0.0
1980,2008,28,0.0,0.0
1980,2003,23,0.0,0.0
2010,1986,24,20.756589711823782,0.0
1980,2002,22,0.0,0.0
1980,1998,18,0.0,0.0
2014,2014,0,27.014678742885472,27.014678742885472
2011,2012,1,16.07265601385425,0.0
2011,1984,27,16.07265601385425,0.0
1980,1983,3,0.0,0.0
1980,2014,34,0.0,0.0
1980,1983,3,0.0,0.0
1980,1989,9,0.0,0.0
1980,1983,3,0.0,0.0
1980,2001,21,0.0,0.0
1980,1983,3,0.0,0.0
1980,1985,5,0.0,0.0
2012,1982,30,20.0,0.0
2007,1991,16,8.918863237274595,0.0
1980,1991,11,0.0,0.0
1989,2005,16,20.67970000576925,0.0
2008,2015,7,6.845490050944376,0.0
1980,1993,13,0.0,0.0
1980,2001,21,0.0,0.0
1980,1992,12,0.0,0.0
1980,1984,4,0.0,0.0
1985,1980,5,13.837726474549191,0.0
1980,1981,1,0.0,0.0
1980,1981,1,0.0,0.0
1980,1992,12,0.0,0.0
2004,2010,6,20.498670042494226,0.0
1980,1981,1,0.0,0.0
1980,2009,29,0.0,0.0
1980,2014,34,0.0,0.0
1981,2002,21,6.339850002884624,0.0
1980,1996,16,0.0,0.0
1980,2006,26,0.0,0.0
1980,2009,29,0.0,0.0
1980,1997,17,0.0,0.0
1980,1983,3,0.0,0.0
1980,1986,6,0.0,0.0
1980,2001,21,0.0,0.0
1980,1995,15,0.0,0.0
1980,2015,35,0.0,0.0
1980,2003,23,0.0,0.0
1980,2010,30,0.0,0.0
2005,2005,0,15.229419688230415,15.229419688230415
1980,2010,30,0.0,0.0
1993,1984,9,15.229419688230415,0.0
1987,1981,6,27.675452949098382,0.0
1980,2013,33,0.0,0.0
1980,2002,22,0.0,0.0
1980,1985,5,0.0,0.0
1980,1992,12,0.0,0.0
1980,1993,13,0.0,0.0
1980,2014,34,0.0,0.0
1980,2010,30,0.0,0.0
2010,2008,2,8.366322214245816,5.321928094887362
1996,2012,16,23.22382363873718,0.0
1980,1990,10,0.0,0.0
2004,2013,9,16.289154353723358,0.0
2014,1997,17,12.509775004326936,0.0
2010,1997,13,5.426264754702098,0.0
1980,1986,6,0.0,0.0
1980,2015,35,0.0,0.0
2013,2015,2,15.3878490508349,0.0
1980,2004,24,0.0,0.0
1980,1988,8,0.0,0.0
1995,1994,1,10.643856189774723,0.0
2000,2001,1,19.431923980510287,0.0
1980,1997,17,0.0,0.0
1982,2013,31,5.20945336562895,0.0
1992,1998,6,20.67970000576925,0.0
2009,1990,19,18.339850002884624,0.0
2005,2010,5,16.99171005377434,0.0
1991,2003,12,16.99171005377434,0.0
1980,1999,19,0.0,0.0
1984,1985,1,22.458839376460833,0.0
1984,1986,2,22.458839376460833,0.0
2004,1991,13,37.06714616277961,0.0
1997,1994,3,9.28771237954945,0.0
1980,1990,10,0.0,0.0
1980,1997,17,0.0,0.0
1980,1992,12,0.0,0.0
1980,2013,33,0.0,0.0
2011,2008,3,24.974703628468653,0.0
1997,1987,10,45.60351774512874,0.0
1980,1990,10,0.0,0.0
1980,2005,25,0.0,0.0
2003,2013,10,4.0,0.0
2012,2002,10,49.426677866967076,0.0
1985,1998,13,8.784634845557521,0.0
1990,1983,7,44.0,0.0
1984,1990,6,16.67970000576925,0.0
2005,1998,7,17.183761363689595,0.0
1980,1999,19,0.0,0.0
1980,1980,0,0.0,0.0
1980,1983,3,0.0,0.0
1980,1980,0,0.0,0.0
2012,2014,2,8.0,0.0
2002,2011,9,27.04380187718199,0.0
1980,1984,4,0.0,0.0
2006,1990,16,16.99171005377434,0.0
1980,2001,21,0.0,0.0
1980,1982,2,0.0,0.0
1980,1980,0,0.0,0.0
2003,1980,23,8.826548487290914,0.0
1980,1983,3,0.0,0.0
1980,1989,9,0.0,0.0
1995,1985,10,16.67970000576925,0.0
1995,1999,4,16.67970000576925,0.0
2005,2008,3,16.030236056361794,0.0
1980,2008,28,0.0,0.0
1996,2008,12,9.28771237954945,0.0
1980,1990,10,0.0,0.0
1986,1999,13,11.101319154423274,0.0
2001,2013,12,10.784634845557521,0.0
1980,1993,13,0.0,0.0
1989,2009,20,21.40087943628218,0.0
1981,1986,5,16.67970000576925,0.0
1980,1991,11,0.0,0.0
1980,1998,18,0.0,0.0
1980,2010,30,0.0,0.0
1980,2000,20,0.0,0.0
1980,1996,16,0.0,0.0
2014,1986,28,4.0,0.0
2014,2003,11,12.0,0.0
1990,2010,20,33.303957463269825,0.0
1980,1983,3,0.0,0.0
1980,1991,11,0.0,0.0
1994,1989,5,20.67970000576925,0.0
1996,1983,13,3.169925001442312,0.0
1980,1981,1,0.0,0.0
1980,1984,4,0.0,0.0
1980,1983,3,0.0,0.0
1980,1991,11,0.0,0.0
1980,2002,22,0.0,0.0
1980,2011,31,0.0,0.0
1980,2008,28,0.0,0.0
1980,1983,3,0.0,0.0
2006,1983,23,112.8105532353862,0.0
1980,2005,25,0.0,0.0
1980,1999,19,0.0,0.0
1980,1990,10,0.0,0.0
1980,1984,4,0.0,0.0
1980,1984,4,0.0,0.0
1980,1997,17,0.0,0.0
1980,1987,7,0.0,0.0
1980,2012,32,0.0,0.0
1999,1985,14,19.431923980510287,0.0
1980,1988,8,0.0,0.0
1980,2009,29,0.0,0.0
1980,2008,28,0.0,0.0
1983,2009,26,10.339850002884624,0.0
1992,1990,2,15.229419688230415,0.0
1980,1993,13,0.0,0.0
1980,1993,13,0.0,0.0
1980,1987,7,0.0,0.0
1980,1994,14,0.0,0.0
1997,1994,3,17.101319154423276,0.0
1980,1990,10,0.0,0.0
2015,1996,19,18.5754247590989,0.0
1980,1994,14,0.0,0.0
1980,1988,8,0.0,0.0
2009,1982,27,11.422064766172811,0.0
1980,2002,22,0.0,0.0
1980,2006,26,0.0,0.0
1980,1983,3,0.0,0.0
1980,1992,12,0.0,0.0
1980,1998,18,0.0,0.0
1980,2011,31,0.0,0.0
1980,1992,12,0.0,0.0
1993,2014,21,13.837726474549191,0.0
1980,1986,6,0.0,0.0
2012,2000,12,12.743782540330756,0.0
2007,1994,13,12.509775004326936,0.0
1980,1981,1,0.0,0.0
1980,1985,5,0.0,0.0
1988,2005,17,8.49585502688717,0.0
1980,2008,28,0.0,0.0
1980,2002,22,0.0,0.0
1995,1982,13,3.8073549220576037,0.0
1980,2010,30,0.0,0.0
2001,2014,13,4.754887502163468,0.0
1980,2003,23,0.0,0.0
1980,1982,2,0.0,0.0
1986,2000,14,43.01955000865388,0.0
1980,2009,29,0.0,0.0
2003,2004,1,18.801758872564367,6.247927513443585
1980,1986,6,0.0,0.0
2008,1999,9,17.83772647454919,6.0
1980,2014,34,0.0,0.0
1980,1980,0,0.0,0.0
2002,1984,18,45.68825906469125,0.0
2003,2014,11,8.826548487290914,0.0
2007,1982,25,10.339850002884624,0.0
1988,1994,6,16.0,0.0
2009,1990,19,4.643856189774725,0.0
1980,1980,0,0.0,0.0
2014,1985,29,36.65148445440323,0.0
1980,1988,8,0.0,0.0
1980,2003,23,0.0,0.0
2012,1993,19,15.229419688230415,0.0
1980,1985,5,0.0,0.0
1980,1999,19,0.0,0.0
1980,2001,21,0.0,0.0
1980,1992,12,0.0,0.0
1980,2012,32,0.0,0.0
1980,1989,9,0.0,0.0
1980,1982,2,0.0,0.0
2010,1989,21,8.366322214245816,0.0
1980,1999,19,0.0,0.0
2006,1981,25,16.931568569324174,0.0
1980,1980,0,0.0,0.0
2003,1989,14,12.088788238716907,0.0
2013,2001,12,16.349851365001356,0.0
2001,1987,14,17.83772647454919,0.0
1980,2010,30,0.0,0.0
1980,1985,5,0.0,0.0
1990,2014,24,12.679700005769249,0.0
2005,2014,9,10.339850002884624,0.0
1994,1993,1,13.287712379549449,0.0
1990,2007,17,20.67970000576925,0.0
2005,1980,25,34.36752272737919,0.0
2005,1990,15,34.36752272737919,16.99171005377434
1980,2000,20,0.0,0.0
2003,1988,15,30.45883937646083,0.0
1993,1986,7,15.229419688230415,0.0
1985,1994,9,10.754887502163468,0.0
1980,1980,0,0.0,0.0
2008,1988,20,9.28771237954945,0.0
2008,1993,15,9.28771237954945,0.0
2001,1982,19,14.5731145984117,0.0
1980,1980,0,0.0,0.0
1980,2015,35,0.0,0.0
1980,1982,2,0.0,0.0
1997,1988,9,13.570685868171037,0.0
1997,1995,2,13.570685868171037,0.0
1997,1994,3,13.570685868171037,0.0
1992,1980,12,14.801758872564369,0.0
2002,1982,20,61.5513962033396,0.0
1980,1999,19,0.0,0.0
1980,1996,16,0.0,0.0
1980,2002,22,0.0,0.0
1997,1994,3,49.04955409500407,0.0
1980,1992,12,0.0,0.0
1980,1999,19,0.0,0.0
1983,2005,22,16.349851365001356,0.0
1983,2012,29,15.229419688230415,0.0
1980,1988,8,0.0,0.0
1980,1990,10,0.0,0.0
1980,1991,11,0.0,0.0
1980,2010,30,0.0,0.0
2007,1994,13,10.339850002884624,0.0
1980,2007,27,0.0,0.0
1980,1999,19,0.0,0.0
1980,2013,33,0.0,0.0
1980,2007,27,0.0,0.0
1980,2013,33,0.0,0.0
1980,1981,1,0.0,0.0
1980,1998,18,0.0,0.0
1980,1984,4,0.0,0.0
1980,2004,24,0.0,0.0
1983,2011,28,9.047123912114026,0.0
1980,2003,23,0.0,0.0
2001,1998,3,22.094247824228052,0.0
2002,1988,14,8.0,0.0
1995,1998,3,13.176952268336281,0.0
1990,2001,11,24.0,0.0
1992,1989,3,8.422064766172811,0.0
1993,1991,2,18.801758872564367,12.262388523751017
1980,2001,21,0.0,0.0
1990,1981,9,31.25512476486815,0.0
1980,2005,25,4.0,0.0
1980,1995,15,0.0,0.0
2001,1989,12,13.287712379549449,0.0
1980,2012,32,0.0,0.0
1980,2010,30,0.0,0.0
1980,1987,7,0.0,0.0
1994,1996,2,23.019550008653876,0.0
1980,2001,21,0.0,0.0
2006,1980,26,11.101319154423274,0.0
2005,1995,10,24.0,0.0
1980,2012,32,0.0,0.0
1980,2012,32,0.0,0.0
1980,2011,31,0.0,0.0
1980,1998,18,0.0,0.0
1980,1987,7,0.0,0.0
2005,1994,11,8.0,0.0
2013,1982,31,8.0,0.0
2002,1981,21,12.965784284662087,0.0
1980,1980,0,0.0,0.0
2008,2000,8,10.602698865017965,0.0
1980,2001,21,0.0,0.0
1980,2014,34,0.0,0.0
2005,1984,21,6.9188632372745955,0.0
1980,1983,3,0.0,0.0
2007,1998,9,37.1508495181978,0.0
2007,1997,10,16.67970000576925,0.0
1995,1997,2,106.57996228520872,0.0
1980,2013,33,0.0,0.0
1998,1994,4,11.720671786825557,0.0
1994,2005,11,11.229419688230417,0.0
1994,2005,11,11.229419688230417,0.0
1994,1985,9,11.229419688230417,0.0
2009,2015,6,13.754887502163466,0.0
1987,2007,20,15.229419688230415,0.0
1981,2015,34,4.0,0.0
2004,1990,14,28.349851365001356,0.0
1982,2005,23,13.837726474549191,0.0
1982,1980,2,13.837726474549191,0.0
1980,2002,22,0.0,0.0
1980,1995,15,0.0,0.0
1980,2011,31,0.0,0.0
2001,2010,9,7.169925001442313,0.0
1980,1991,11,0.0,0.0
2000,2003,3,20.349851365001356,0.0
1996,2009,13,101.43760004615399,0.0
1980,1988,8,0.0,0.0
1980,1985,5,0.0,0.0
1990,1989,1,16.0,0.0
1980,2007,27,0.0,0.0
2006,2014,8,5.584962500721156,0.0
1980,2005,25,0.0,0.0
1980,1992,12,0.0,0.0
1980,1992,12,0.0,0.0
2009,2013,4,16.378294855911893,0.0
1980,1984,4,0.0,0.0
2009,1994,15,15.62836009688685,0.0
1980,2005,25,0.0,0.0
2001,1993,8,5.426264754702098,0.0
1982,2004,22,66.43856189774725,0.0
1994,1983,11,14.264662506490405,0.0
1980,1986,6,0.0,0.0
1991,1982,9,13.837726474549191,0.0
1995,1982,13,17.83772647454919,0.0
1996,1980,16,15.0,0.0
1980,2001,21,0.0,0.0
1980,1983,3,0.0,0.0
1980,1988,8,0.0,0.0
1988,1990,2,12.262388523751017,0.0
2004,1992,12,11.34485068394299,0.0
1999,1994,5,23.431923980510287,0.0
1980,1999,19,0.0,0.0
1982,1999,17,17.83772647454919,0.0
1980,1987,7,18.5754247590989,0.0
2010,2000,10,18.80175887256437,0.0
2004,2000,4,38.664933692399096,0.0
2004,1995,9,14.573942985382718,0.0
1980,2000,20,0.0,0.0
1980,1981,1,0.0,0.0
1980,1994,14,0.0,0.0
1980,1987,7,0.0,0.0
1980,2012,32,0.0,0.0
1980,1989,9,0.0,0.0
1980,1980,0,0.0,0.0
1999,1983,16,89.09720755756567,0.0
1980,1993,13,0.0,0.0
2004,1999,5,5.392317422778761,0.0
1980,2005,25,0.0,0.0
2009,2015,6,16.476809478650157,0.0
1980,2010,30,0.0,0.0
2011,1989,22,11.287712379549449,0.0
1980,1987,7,10.754887502163468,0.0
1980,1993,13,0.0,0.0
1980,1996,16,0.0,0.0
2004,2004,0,20.498670042494226,20.498670042494226
1988,1984,4,14.101319154423276,0.0
1980,1981,1,0.0,0.0
1980,2011,31,0.0,0.0
1994,1994,0,16.0,16.0
2002,1997,5,5.727920454563199,0.0
1991,1987,4,32.68970136788598,0.0
1995,2013,18,38.039100017307746,0.0
2015,2013,2,8.0,0.0
1981,2015,34,16.67970000576925,0.0
1997,1986,11,14.339850002884626,0.0
2010,1983,27,16.732644428491632,0.0
1995,2001,6,19.431923980510287,0.0
2005,2003,2,12.0,0.0
1993,1993,0,10.378294855911891,10.378294855911891
1980,2006,26,0.0,0.0
1980,1993,13,0.0,0.0
1980,1988,8,0.0,0.0
1980,1990,10,0.0,0.0
1980,2010,30,0.0,0.0
2013,1980,33,16.349851365001356,0.0
1995,2005,10,72.0,0.0
1980,2000,20,0.0,0.0
2003,2011,8,5.426264754702098,0.0
2003,1999,4,5.426264754702098,0.0
1980,2014,34,0.0,0.0
1980,2012,32,0.0,0.0
1980,2004,24,0.0,0.0
1980,1987,7,0.0,0.0
1980,2012,32,0.0,0.0
1983,1995,12,15.627562382434075,0.0
2004,1990,14,14.339850002884626,0.0
2003,2014,11,18.801758872564367,0.0
1980,2011,31,0.0,0.0
1980,1984,4,0.0,0.0
2014,1990,24,51.69925001442312,0.0
1980,1997,17,0.0,0.0
1980,2011,31,0.0,0.0
1983,1997,14,31.019550008653873,0.0
2002,1997,5,16.99171005377434,0.0
1980,2014,34,0.0,0.0
1980,2007,27,0.0,0.0
1980,1989,9,0.0,0.0
1980,2009,29,0.0,0.0
1982,1986,4,26.75658971182378,0.0
1980,1994,14,0.0,0.0
2011,2001,10,7.357552004618084,0.0
1980,1982,2,0.0,0.0
2010,1982,28,20.411057840302725,0.0
1995,1996,1,15.627562382434075,0.0
1980,1985,5,0.0,0.0
2008,2009,1,110.03910001730775,0.0
1980,2015,35,0.0,0.0
1980,1988,8,0.0,0.0
2005,1987,18,6.539158811108031,0.0
1980,1989,9,0.0,0.0
1980,2000,20,0.0,0.0
1980,2006,26,0.0,0.0
1980,2005,25,0.0,0.0
1980,2014,34,0.0,0.0
1980,2010,30,0.0,0.0
2011,2008,3,3.169925001442312,0.0
1980,1983,3,0.0,0.0
2008,1985,23,21.20539773003593,0.0
1980,2014,34,0.0,0.0
1980,1987,7,0.0,0.0
1980,2013,33,0.0,0.0
1980,1986,6,0.0,0.0
1980,2008,28,0.0,0.0
1980,2003,23,0.0,0.0
1980,2009,29,0.0,0.0
1980,2003,23,0.0,0.0
1980,2010,30,0.0,0.0
1980,2001,21,0.0,0.0
1980,1993,13,0.0,0.0
1980,2007,27,0.0,0.0
1980,1994,14,0.0,0.0
1987,2007,20,10.339850002884624,0.0
1980,1995,15,0.0,0.0
1996,2002,6,6.554588851677637,0.0
1980,2011,31,0.0,0.0
1994,2005,11,15.262388523751017,0.0
2012,1999,13,15.229419688230415,0.0
2003,2013,10,13.287712379549449,0.0
1980,1992,12,0.0,0.0
2011,2001,10,17.83772647454919,0.0
2011,1990,21,46.529325012980806,0.0
1992,1994,2,64.49001793725562,0.0
1980,1998,18,0.0,0.0
1980,2005,25,0.0,0.0
1980,2007,27,0.0,0.0
1980,2007,27,0.0,0.0
1993,1988,5,14.573942985382718,0.0
2004,1994,10,5.20945336562895,0.0
2004,1996,8,5.169925001442312,0.0
1980,2007,27,0.0,0.0
1980,1993,13,0.0,0.0
1980,2010,30,0.0,0.0
1980,2010,30,0.0,0.0
1991,1988,3,11.101319154423274,0.0
2004,1995,9,30.720671786825555,0.0
1980,1998,18,0.0,0.0
1980,1998,18,0.0,0.0
1980,1998,18,0.0,0.0
1980,2000,20,0.0,0.0
1980,2006,26,0.0,0.0
2003,2003,0,15.627562382434075,15.627562382434075
1980,2012,32,0.0,0.0
1997,2007,10,14.339850002884626,0.0
1980,1995,15,0.0,0.0
1999,1994,5,11.715961990255144,0.0
1980,1995,15,0.0,0.0
1980,2015,35,0.0,0.0
1980,2012,32,0.0,0.0
1980,2005,25,0.0,0.0
1980,1981,1,0.0,0.0
1980,1999,19,0.0,0.0
1980,1995,15,0.0,0.0
2005,2015,10,14.570804437724497,0.0
2005,1984,21,5.426264754702098,0.0
1980,2014,34,0.0,0.0
1980,2005,25,0.0,0.0
1980,2013,33,0.0,0.0
1980,2000,20,13.570685868171037,0.0
1980,2013,33,0.0,0.0
1980,2014,34,0.0,0.0
1980,2009,29,0.0,0.0
1991,2006,15,9.509775004326936,0.0
1980,1995,15,0.0,0.0
2006,2009,3,13.813781191217036,0.0
2005,2011,6,6.0,0.0
1980,2014,34,0.0,0.0
1991,2000,9,20.0,0.0
1997,2000,3,19.431923980510287,0.0
2013,2005,8,22.458839376460833,0.0
1980,2013,33,0.0,0.0
1980,2011,31,0.0,0.0
1980,2007,27,0.0,0.0
2007,1987,20,9.28771237954945,0.0
1980,1983,3,0.0,0.0
1980,1981,1,0.0,0.0
1980,2008,28,0.0,0.0
1980,1984,4,0.0,0.0
2006,1988,18,14.720671786825553,0.0
1980,2005,25,0.0,0.0
1997,1999,2,17.569269691115043,0.0
1981,2013,32,26.575424759098897,0.0
1980,2008,28,0.0,0.0
1980,2005,25,0.0,0.0
1980,1980,0,0.0,0.0
1980,2000,20,0.0,0.0
1996,2007,11,31.134884567735675,0.0
1980,1993,13,0.0,0.0
1980,2011,31,0.0,0.0
1998,2000,2,12.262388523751017,0.0
1980,2005,25,0.0,0.0
1980,2013,33,0.0,0.0
2004,2003,1,5.78135971352466,0.0
1980,1980,0,0.0,0.0
1980,2004,24,0.0,0.0
1980,1997,17,0.0,0.0
1980,2000,20,0.0,0.0
1980,1982,2,0.0,0.0
1980,2007,27,0.0,0.0
1980,2009,29,0.0,0.0
1980,1983,3,0.0,0.0
1980,1987,7,0.0,0.0
1980,2000,20,0.0,0.0
1980,1995,15,0.0,0.0
1980,1995,15,0.0,0.0
1980,2003,23,0.0,0.0
1980,2007,27,0.0,0.0
1988,1987,1,9.28771237954945,0.0
2012,2003,9,5.459431618637297,0.0
1995,2003,8,15.627562382434075,0.0
1980,1980,0,0.0,0.0
1980,2008,28,0.0,0.0
2009,1983,26,28.19623107581458,0.0
1980,2010,30,0.0,0.0
1980,2010,30,0.0,0.0
1980,1999,19,0.0,0.0
1980,2011,31,0.0,0.0
1980,1996,16,0.0,0.0
1980,2014,34,0.0,0.0
1980,2012,32,0.0,0.0
1980,2009,29,0.0,0.0
1980,2012,32,0.0,0.0
1980,1989,9,0.0,0.0
2007,1997,10,61.085244567781686,0.0
1985,2013,28,15.13318235807536,0.0
1980,1998,18,0.0,0.0
2010,1991,19,22.20263830884655,0.0
1980,1996,16,0.0,0.0
1980,1994,14,0.0,0.0
2004,2001,3,5.087462841250339,0.0
1980,1988,8,0.0,0.0
1980,2011,31,0.0,0.0
1980,1999,19,0.0,0.0
1980,1985,5,0.0,0.0
1980,1990,10,0.0,0.0
1980,2006,26,0.0,0.0
1980,1998,18,0.0,0.0
2011,1991,20,13.931568569324176,0.0
1980,1990,10,0.0,0.0
2004,2014,10,18.5754247590989,0.0
1980,2011,31,0.0,0.0
1980,2012,32,0.0,0.0
2001,2012,11,12.262388523751017,0.0
2008,2010,2,20.78463484555752,0.0
2010,2014,4,18.5754247590989,0.0
2010,2009,1,18.5754247590989,0.0
1980,1983,3,0.0,0.0
1980,1989,9,0.0,0.0
2008,2014,6,15.965784284662085,0.0
2011,1990,21,15.0,0.0
1980,2008,28,0.0,0.0
1980,2005,25,0.0,0.0
2013,1995,18,32.69970273000271,0.0
1980,1995,15,0.0,0.0
1995,2002,7,6.149747119504682,0.0
2004,1981,23,16.349851365001356,0.0
1980,2015,35,0.0,0.0
1980,1994,14,0.0,0.0
1980,1999,19,0.0,0.0
2014,1997,17,14.801758872564369,0.0
1993,2011,18,13.931568569324176,0.0
1980,2012,32,0.0,0.0
2003,2003,0,4.0,4.0
1980,1991,11,0.0,0.0
1980,2012,32,0.0,0.0
1999,1996,3,19.431923980510287,0.0
1980,2000,20,0.0,0.0
