prediction,actual,diff,predSCore,actScore
2003,2009,6,150.01145612930637,0.0
2013,1993,20,126.79700005769249,0.0
1980,1984,4,0.0,0.0
1985,1985,0,53.150849518197795,53.150849518197795
2011,2013,2,10.339850002884624,0.0
2009,2014,5,25.500157725387698,0.0
2009,2013,4,25.500157725387698,0.0
2009,2013,4,25.500157725387698,0.0
2009,2013,4,25.500157725387698,0.0
2009,2014,5,25.500157725387698,0.0
1980,1980,0,0.0,0.0
2015,2015,0,67.96684021509736,67.96684021509736
1999,1999,0,15.627562382434075,15.627562382434075
2000,2000,0,56.14709844115208,56.14709844115208
1996,1996,0,71.35090589819676,71.35090589819676
2001,2004,3,46.66312011331794,0.0
1980,1983,3,0.0,0.0
1980,2001,21,0.0,0.0
1980,2013,33,0.0,0.0
2014,2014,0,101.06477719407377,101.06477719407377
1980,2013,33,0.0,0.0
2002,2002,0,27.133182358075356,27.133182358075356
1980,1982,2,0.0,0.0
1980,1985,5,0.0,0.0
1980,1995,15,0.0,0.0
1992,1987,5,4.584962500721156,0.0
1980,1990,10,0.0,0.0
1980,1991,11,0.0,0.0
1980,1986,6,0.0,0.0
1998,1999,1,26.24609471641037,0.0
2000,2000,0,235.79965444742106,235.79965444742106
1986,1986,0,50.718800023076994,50.718800023076994
1980,1987,7,0.0,0.0
1993,1993,0,51.89147427955945,51.89147427955945
1980,1987,7,0.0,0.0
1987,1987,0,13.931568569324176,13.931568569324176
1980,2010,30,0.0,0.0
1980,1991,11,0.0,0.0
1986,1989,3,5.0,0.0
1980,2011,31,0.0,0.0
1980,1980,0,0.0,0.0
1983,1983,0,46.88268714730222,46.88268714730222
1980,2012,32,0.0,0.0
1980,1994,14,0.0,0.0
1980,1994,14,0.0,0.0
1980,1982,2,0.0,0.0
1984,1984,0,8.999999999999998,8.999999999999998
1980,1983,3,0.0,0.0
1980,1994,14,0.0,0.0
1980,1988,8,0.0,0.0
2003,2003,0,9.965784284662087,9.965784284662087
1980,1984,4,0.0,0.0
2006,2006,0,50.039100017307746,50.039100017307746
1980,1999,19,0.0,0.0
1987,1987,0,13.837726474549191,13.837726474549191
1980,2007,27,0.0,0.0
1989,1989,0,13.837726474549191,13.837726474549191
1985,1982,3,8.0,0.0
2004,2014,10,16.67970000576925,0.0
1998,1999,1,30.0,0.0
1982,2014,32,31.69925001442312,28.517132067779862
1980,2005,25,0.0,0.0
2004,2005,1,233.5158000807694,0.0
1980,2007,27,0.0,0.0
1980,2009,29,0.0,0.0
1980,1996,16,0.0,0.0
1986,1988,2,4.087462841250339,0.0
2003,1984,19,10.715104009236168,0.0
2001,2004,3,9.90839262077375,0.0
1996,1994,2,12.533573081389802,0.0
1980,1999,19,0.0,0.0
1989,1989,0,15.229419688230415,15.229419688230415
2002,2003,1,51.209230337425865,14.422064766172811
1980,2014,34,0.0,0.0
1995,1995,0,71.2071125547835,71.2071125547835
2004,1997,7,50.039100017307746,0.0
1993,1992,1,17.344079140573978,0.0
2004,2014,10,150.11730005192322,88.2893366053893
2004,2012,8,33.3594000115385,0.0
2004,2007,3,817.3053002826937,0.0
1980,1985,5,0.0,0.0
2010,2010,0,63.39850002884624,63.39850002884624
1980,2009,29,0.0,0.0
2003,2003,0,17.83772647454919,17.83772647454919
1980,1989,9,0.0,0.0
1980,1999,19,0.0,0.0
2007,1986,21,59.207035490257475,0.0
2003,1991,12,42.86041603694467,23.87327587800514
1998,1998,0,37.1508495181978,37.1508495181978
2003,2009,6,25.822525441251095,14.339850002884626
2002,2003,1,5.614709844115208,0.0
1980,2008,28,0.0,0.0
1997,1997,0,38.89735285398626,38.89735285398626
2000,1999,1,28.679700005769252,0.0
1980,1997,17,0.0,0.0
1996,1996,0,50.718800023076994,50.718800023076994
2011,2011,0,26.90144654502292,26.90144654502292
1980,2012,32,0.0,0.0
2012,2012,0,30.45883937646083,30.45883937646083
2011,2011,0,249.54211485994452,249.54211485994452
2007,1997,10,14.801758872564369,0.0
2001,2002,1,12.509775004326936,0.0
2011,2008,3,8.194756854422248,0.0
2013,2008,5,76.07820003461549,0.0
2010,2014,4,7.562242424221073,0.0
1988,1988,0,22.458839376460833,22.458839376460833
1982,1982,0,150.11730005192322,150.11730005192322
1980,2004,24,0.0,0.0
1980,1981,1,0.0,0.0
1984,1984,0,920.6827743394034,920.6827743394034
2004,2004,0,34.75488750216347,34.75488750216347
1980,1993,13,0.0,0.0
2005,2007,2,81.59637766374485,31.25512476486815
1991,1991,0,25.359400011538497,25.359400011538497
1980,1991,11,0.0,0.0
1980,1992,12,0.0,0.0
1980,1986,6,0.0,0.0
1980,1990,10,0.0,0.0
1984,1984,0,25.359400011538497,25.359400011538497
1980,1984,4,0.0,0.0
1995,1995,0,20.67970000576925,20.67970000576925
1990,1990,0,18.5754247590989,18.5754247590989
1980,1986,6,0.0,0.0
1981,1981,0,11.229419688230417,11.229419688230417
1980,2008,28,0.0,0.0
1980,1986,6,0.0,0.0
1980,1986,6,0.0,0.0
1980,2011,31,0.0,0.0
1980,1981,1,0.0,0.0
1980,2002,22,0.0,0.0
1990,1990,0,16.0,16.0
1980,1984,4,0.0,0.0
1980,2010,30,0.0,0.0
2002,1998,4,17.28771237954945,0.0
1980,1989,9,0.0,0.0
2001,2001,0,84.0,84.0
1980,1986,6,0.0,0.0
1980,1982,2,0.0,0.0
1980,1980,0,0.0,0.0
1980,1986,6,0.0,0.0
2008,2008,0,92.05237519668248,92.05237519668248
1980,2002,22,0.0,0.0
1980,2002,22,0.0,0.0
1980,1999,19,0.0,0.0
1980,1982,2,0.0,0.0
1988,1988,0,53.150849518197795,53.150849518197795
1988,1988,0,53.150849518197795,53.150849518197795
1980,1982,2,0.0,0.0
2006,2006,0,26.575424759098897,26.575424759098897
2000,2000,0,752.0,752.0
1980,2005,25,0.0,0.0
1980,1998,18,0.0,0.0
1980,1989,9,0.0,0.0
1980,2014,34,0.0,0.0
1980,1998,18,0.0,0.0
1996,1996,0,12.0,12.0
2002,2002,0,42.28321775089798,42.28321775089798
1980,2012,32,0.0,0.0
1980,1985,5,0.0,0.0
1992,1993,1,54.55694933390848,14.422064766172811
2012,2012,0,26.575424759098897,26.575424759098897
1980,1981,1,0.0,0.0
2001,2002,1,14.101319154423276,0.0
1988,1988,0,24.0,24.0
1980,2010,30,0.0,0.0
1993,1993,0,6.339850002884624,6.339850002884624
1980,2001,21,0.0,0.0
1996,1997,1,112.166096348497,0.0
2000,2000,0,16.0,16.0
1982,1982,0,24.0,24.0
2014,2014,0,36.36362914922785,36.36362914922785
2006,2006,0,16.0,16.0
1980,2009,29,0.0,0.0
1980,1982,2,0.0,0.0
1980,2000,20,0.0,0.0
2004,2004,0,24.0,24.0
1980,2010,30,0.0,0.0
1992,1992,0,146.71880002307697,146.71880002307697
1987,1990,3,4.087462841250339,0.0
1980,2005,25,0.0,0.0
2004,2003,1,263.3724523548749,72.37895002019238
1994,1994,0,12.0,12.0
1991,1992,1,107.54887502163469,0.0
1980,2008,28,0.0,0.0
1980,2003,23,0.0,0.0
1980,1986,6,0.0,0.0
1980,2002,22,0.0,0.0
1980,1998,18,0.0,0.0
2013,2014,1,11.101319154423274,0.0
1980,2012,32,0.0,0.0
1984,1984,0,29.603517745128737,29.603517745128737
1983,1983,0,14.801758872564369,14.801758872564369
1980,2014,34,0.0,0.0
1980,1983,3,0.0,0.0
1989,1989,0,15.229419688230415,15.229419688230415
1980,1983,3,0.0,0.0
1980,2001,21,0.0,0.0
1980,1983,3,0.0,0.0
1980,1985,5,0.0,0.0
1980,1982,2,0.0,0.0
1980,1991,11,0.0,0.0
1980,1991,11,0.0,0.0
2010,2005,5,30.26636471615072,0.0
2014,2015,1,93.06650155728167,0.0
1980,1993,13,0.0,0.0
1980,2001,21,0.0,0.0
1980,1992,12,0.0,0.0
1980,1984,4,0.0,0.0
1980,1980,0,29.603517745128737,29.603517745128737
1980,1981,1,0.0,0.0
1980,1981,1,0.0,0.0
2004,1992,12,533.7504001846157,73.92103652548424
2004,2010,6,2.584962500721156,0.0
1980,1981,1,0.0,0.0
2009,2009,0,14.264662506490405,14.264662506490405
1980,2014,34,0.0,0.0
2002,2002,0,6.714245517666123,6.714245517666123
1996,1996,0,44.0,44.0
1980,2006,26,0.0,0.0
1980,2009,29,0.0,0.0
1995,1997,2,19.019550008653873,16.0
1980,1983,3,0.0,0.0
1982,1986,4,7.400879436282184,0.0
1980,2001,21,0.0,0.0
1995,1995,0,24.0,24.0
1980,2015,35,0.0,0.0
2002,2003,1,184.0735687481197,0.0
2010,2010,0,19.627562382434075,19.627562382434075
2005,2005,0,24.0,24.0
2010,2010,0,17.83772647454919,17.83772647454919
1984,1984,0,96.86408532184433,96.86408532184433
1981,1981,0,11.229419688230417,11.229419688230417
2013,2013,0,12.0,12.0
1980,2002,22,0.0,0.0
1980,1985,5,0.0,0.0
1980,1992,12,0.0,0.0
1980,1993,13,0.0,0.0
1980,2014,34,0.0,0.0
1980,2010,30,0.0,0.0
2008,2008,0,11.229419688230417,11.229419688230417
2007,2012,5,10.852529509404196,0.0
1989,1990,1,14.862588931160623,0.0
2008,2013,5,6.643856189774724,0.0
1994,1997,3,4.247927513443585,0.0
1997,1997,0,13.931568569324176,13.931568569324176
1980,1986,6,0.0,0.0
2000,2015,15,6.954196310386876,0.0
2015,2015,0,33.3594000115385,33.3594000115385
2004,2004,0,97.24210653457432,97.24210653457432
1988,1988,0,13.287712379549449,13.287712379549449
1993,1994,1,13.176952268336281,0.0
1980,2001,21,0.0,0.0
1997,1997,0,32.1453120277085,32.1453120277085
2013,2013,0,12.679700005769249,12.679700005769249
2007,1998,9,14.801758872564369,4.0
1980,1990,10,0.0,0.0
2010,2010,0,32.0,32.0
2002,2003,1,13.176952268336281,0.0
1980,1999,19,0.0,0.0
1980,1985,5,0.0,0.0
1980,1986,6,0.0,0.0
1980,1991,11,0.0,0.0
1994,1994,0,44.16201536047666,44.16201536047666
1980,1990,10,0.0,0.0
1980,1997,17,0.0,0.0
1980,1992,12,0.0,0.0
1980,2013,33,0.0,0.0
2008,2008,0,12.679700005769249,12.679700005769249
1980,1987,7,0.0,0.0
1980,1990,10,0.0,0.0
2004,2005,1,33.3594000115385,0.0
2013,2013,0,62.80444159716754,62.80444159716754
1980,2002,22,0.0,0.0
1980,1998,18,0.0,0.0
1980,1983,3,0.0,0.0
1990,1990,0,14.339850002884626,14.339850002884626
1993,1998,5,10.715104009236168,0.0
1980,1999,19,0.0,0.0
1980,1980,0,0.0,0.0
1983,1983,0,25.48756508066151,25.48756508066151
1980,1980,0,0.0,0.0
1980,2014,34,0.0,0.0
2010,2011,1,24.196056659471367,0.0
1980,1984,4,0.0,0.0
1980,1990,10,0.0,0.0
1980,2001,21,0.0,0.0
1980,1982,2,0.0,0.0
1980,1980,0,0.0,0.0
1980,1980,0,0.0,0.0
1980,1983,3,0.0,0.0
1989,1989,0,11.229419688230417,11.229419688230417
1985,1985,0,45.688259064691245,45.688259064691245
1999,1999,0,19.431923980510287,19.431923980510287
2008,2008,0,23.265740507053188,23.265740507053188
2008,2008,0,23.265740507053188,23.265740507053188
2008,2008,0,23.265740507053188,23.265740507053188
1980,1990,10,0.0,0.0
1999,1999,0,11.954559846999834,11.954559846999834
2011,2013,2,12.262388523751017,0.0
1980,1993,13,0.0,0.0
2003,2009,6,10.715104009236168,0.0
1980,1986,6,0.0,0.0
1980,1991,11,0.0,0.0
1980,1998,18,0.0,0.0
1980,2010,30,0.0,0.0
1980,2000,20,0.0,0.0
1980,1996,16,0.0,0.0
1984,1986,2,24.524777047502035,0.0
1980,2003,23,0.0,0.0
2013,2010,3,791.9606795766434,0.0
1980,1983,3,0.0,0.0
1980,1991,11,0.0,0.0
1980,1989,9,0.0,0.0
1980,1983,3,0.0,0.0
1980,1981,1,0.0,0.0
1984,1984,0,35.16201536047667,35.16201536047667
1980,1983,3,0.0,0.0
1980,1991,11,0.0,0.0
2002,2002,0,110.37579383798874,110.37579383798874
2011,2011,0,8.999999999999998,8.999999999999998
1980,2008,28,0.0,0.0
1982,1983,1,36.0,0.0
1983,1983,0,31.69925001442312,31.69925001442312
2001,2005,4,8.339850002884624,8.0
1980,1999,19,0.0,0.0
1980,1990,10,0.0,0.0
1984,1984,0,13.287712379549449,13.287712379549449
1984,1984,0,14.801758872564369,14.801758872564369
1980,1997,17,0.0,0.0
1980,1987,7,0.0,0.0
1980,2012,32,0.0,0.0
1980,1985,5,0.0,0.0
1988,1988,0,13.837726474549191,13.837726474549191
1980,2009,29,0.0,0.0
2007,2008,1,10.643856189774723,6.965784284662088
2008,2009,1,5.523561956057013,0.0
1980,1990,10,0.0,0.0
1993,1993,0,49.67141005954359,49.67141005954359
1993,1993,0,49.67141005954359,49.67141005954359
1980,1987,7,0.0,0.0
1980,1994,14,0.0,0.0
1980,1994,14,0.0,0.0
1980,1990,10,0.0,0.0
1994,1996,2,377.124133131735,0.0
1980,1994,14,0.0,0.0
1980,1988,8,0.0,0.0
1980,1982,2,0.0,0.0
1980,2002,22,0.0,0.0
2003,2006,3,12.0,8.0
1980,1983,3,0.0,0.0
1980,1992,12,0.0,0.0
1996,1998,2,2.3219280948873626,0.0
2007,2011,4,8.854868383260238,0.0
1980,1992,12,0.0,0.0
1980,2014,34,0.0,0.0
1980,1986,6,0.0,0.0
1980,2000,20,0.0,0.0
1980,1994,14,0.0,0.0
1980,1981,1,0.0,0.0
1985,1985,0,4.0,4.0
1980,2005,25,0.0,0.0
2008,2008,0,34.5754247590989,34.5754247590989
2013,2002,11,12.679700005769249,8.0
1983,1982,1,14.101319154423276,0.0
1980,2010,30,0.0,0.0
2014,2014,0,15.627562382434075,15.627562382434075
2008,2003,5,30.7756981016698,0.0
1980,1982,2,0.0,0.0
2000,2000,0,11.229419688230417,11.229419688230417
2009,2009,0,24.0,24.0
2004,2004,0,14.339850002884626,14.339850002884626
1986,1986,0,39.86313713864835,39.86313713864835
1980,1999,19,0.0,0.0
1980,2014,34,0.0,0.0
1980,1980,0,0.0,0.0
1983,1984,1,24.06710343908536,0.0
1980,2014,34,0.0,0.0
1980,1982,2,0.0,0.0
1980,1994,14,0.0,0.0
1990,1990,0,8.0,8.0
1980,1980,0,0.0,0.0
1985,1985,0,59.207035490257475,59.207035490257475
1980,1988,8,0.0,0.0
1980,2003,23,0.0,0.0
1980,1993,13,0.0,0.0
1980,1985,5,0.0,0.0
1998,1999,1,42.303957463269825,0.0
2001,2001,0,41.59497476775278,41.59497476775278
1980,1992,12,0.0,0.0
1980,2012,32,0.0,0.0
1980,1989,9,0.0,0.0
1982,1982,0,9.28771237954945,9.28771237954945
1985,1989,4,4.643856189774725,0.0
1980,1999,19,0.0,0.0
1980,1981,1,0.0,0.0
1980,1980,0,0.0,0.0
1980,1989,9,0.0,0.0
1980,2001,21,0.0,0.0
1987,1987,0,10.378294855911891,10.378294855911891
1980,2010,30,0.0,0.0
1984,1985,1,10.852529509404196,8.0
2014,2014,0,14.422064766172811,14.422064766172811
1980,2014,34,0.0,0.0
1993,1993,0,12.0,12.0
2001,2007,6,11.665780028329484,4.807354922057604
1980,1980,0,0.0,0.0
1989,1990,1,11.720671786825557,0.0
1980,2000,20,0.0,0.0
1988,1988,0,14.339850002884626,14.339850002884626
1986,1986,0,12.679700005769249,12.679700005769249
1994,1994,0,6.39231742277876,6.39231742277876
1980,1980,0,0.0,0.0
1980,1988,8,0.0,0.0
1980,1993,13,0.0,0.0
1981,1982,1,27.141371736342073,12.679700005769249
1980,1980,0,0.0,0.0
2015,2015,0,16.0,16.0
1980,1982,2,0.0,0.0
1980,1988,8,0.0,0.0
1995,1995,0,13.287712379549449,13.287712379549449
1980,1994,14,0.0,0.0
1980,1980,0,0.0,0.0
1980,1982,2,0.0,0.0
1999,1999,0,16.0,16.0
1980,1996,16,0.0,0.0
2004,2002,2,10.771489469500597,0.0
1980,1994,14,0.0,0.0
1980,1992,12,0.0,0.0
2001,1999,2,13.754887502163466,0.0
1998,2005,7,12.044735626056909,0.0
1980,2012,32,0.0,0.0
1980,1988,8,0.0,0.0
1980,1990,10,0.0,0.0
1990,1991,1,17.999999999999996,8.784634845557521
1980,2010,30,0.0,0.0
1995,1994,1,4.584962500721156,0.0
1980,2007,27,0.0,0.0
1980,1999,19,0.0,0.0
2013,2013,0,4.0,4.0
1980,2007,27,0.0,0.0
1980,2013,33,0.0,0.0
1981,1981,0,48.0,48.0
1997,1998,1,11.422064766172811,0.0
1980,1984,4,0.0,0.0
2007,2004,3,29.603517745128737,0.0
1980,2011,31,0.0,0.0
1980,2003,23,0.0,0.0
1998,1998,0,27.675452949098382,27.675452949098382
1992,1988,4,9.169925001442312,0.0
1980,1998,18,0.0,0.0
2001,2001,0,38.039100017307746,38.039100017307746
1980,1989,9,0.0,0.0
1990,1991,1,49.04955409500407,18.73154112001392
1980,2001,21,0.0,0.0
1980,1981,1,0.0,0.0
1980,2005,25,0.0,0.0
1980,1995,15,0.0,0.0
1980,1989,9,0.0,0.0
2012,2012,0,13.931568569324176,13.931568569324176
2010,2010,0,14.339850002884626,14.339850002884626
1980,1987,7,0.0,0.0
1980,1996,16,0.0,0.0
1980,2001,21,0.0,0.0
1980,1980,0,0.0,0.0
1980,1995,15,0.0,0.0
2012,2012,0,16.99171005377434,16.99171005377434
2012,2012,0,16.99171005377434,16.99171005377434
2010,2011,1,23.441343573651114,0.0
1980,1998,18,0.0,0.0
1986,1987,1,12.0,0.0
1991,1994,3,13.754887502163468,0.0
1982,1982,0,96.0,96.0
1981,1981,0,20.756589711823782,20.756589711823782
1980,1980,0,0.0,0.0
2000,2000,0,343.9937375098838,343.9937375098838
2001,2001,0,14.801758872564369,14.801758872564369
2014,2014,0,8.0,8.0
1984,1984,0,78.13781191217038,78.13781191217038
1980,1983,3,0.0,0.0
1998,1998,0,4.0,4.0
1997,1997,0,72.37895002019238,72.37895002019238
1997,1997,0,72.37895002019238,72.37895002019238
1980,2013,33,0.0,0.0
1994,1994,0,44.0,44.0
1980,2005,25,0.0,0.0
2003,2005,2,25.931568569324174,0.0
1980,1985,5,0.0,0.0
2015,2015,0,46.88268714730222,46.88268714730222
2007,2007,0,85.18698598807318,85.18698598807318
2015,2015,0,72.37699129691221,72.37699129691221
1990,1990,0,33.68825906469125,33.68825906469125
2005,2005,0,82.04989188598505,82.04989188598505
1980,1980,0,0.0,0.0
1980,2002,22,0.0,0.0
1980,1995,15,0.0,0.0
2010,2011,1,6.0,0.0
2010,2010,0,17.28771237954945,17.28771237954945
1980,1991,11,0.0,0.0
2004,2003,1,42.01638529851054,0.0
2009,2009,0,33.303957463269825,33.303957463269825
1980,1988,8,0.0,0.0
1980,1985,5,0.0,0.0
1989,1989,0,16.349851365001356,16.349851365001356
2007,2007,0,66.43856189774725,66.43856189774725
1980,2014,34,0.0,0.0
1980,2005,25,0.0,0.0
1992,1992,0,37.603517745128734,37.603517745128734
1980,1992,12,0.0,0.0
1980,2013,33,0.0,0.0
1980,1984,4,0.0,0.0
1980,1994,14,0.0,0.0
2004,2005,1,18.28846058355327,16.99171005377434
1980,1993,13,0.0,0.0
2004,2004,0,7.339850002884624,7.339850002884624
1980,1983,3,0.0,0.0
1980,1986,6,0.0,0.0
1980,1982,2,0.0,0.0
1985,1982,3,5.672425341971495,0.0
1980,1980,0,6.339850002884624,6.339850002884624
1980,2001,21,0.0,0.0
1980,1983,3,0.0,0.0
1980,1988,8,0.0,0.0
1980,1990,10,0.0,0.0
1992,1992,0,89.97513277214452,89.97513277214452
1994,1994,0,18.094247824228052,18.094247824228052
1980,1999,19,0.0,0.0
1980,1999,19,0.0,0.0
1980,1987,7,0.0,0.0
1999,2000,1,16.278794264106292,0.0
2003,2000,3,42.86041603694467,12.0
1995,1995,0,59.12240095510517,59.12240095510517
1980,2000,20,0.0,0.0
1980,1981,1,0.0,0.0
1994,1994,0,109.02776281835548,109.02776281835548
1980,1987,7,0.0,0.0
2012,2012,0,14.801758872564369,14.801758872564369
1980,1989,9,0.0,0.0
1980,1980,0,0.0,0.0
1983,1983,0,16.349851365001356,16.349851365001356
1993,1993,0,48.99171005377434,48.99171005377434
1999,1999,0,13.754887502163466,13.754887502163466
2005,2005,0,41.51317942364757,41.51317942364757
2015,2015,0,59.207035490257475,59.207035490257475
2010,2010,0,12.509775004326936,12.509775004326936
1989,1989,0,12.965784284662087,12.965784284662087
1980,1987,7,0.0,0.0
1992,1993,1,28.844129532345622,10.784634845557521
1980,1996,16,0.0,0.0
2004,2004,0,20.756589711823782,20.756589711823782
1980,1984,4,0.0,0.0
1981,1981,0,174.26466250649042,174.26466250649042
2010,2011,1,8.519636252843213,0.0
1994,1994,0,19.019550008653873,19.019550008653873
1982,1997,15,6.339850002884624,0.0
1980,1987,7,0.0,0.0
2008,2013,5,10.706496018061188,0.0
2008,2013,5,10.706496018061188,0.0
1980,2015,35,0.0,0.0
1980,1986,6,0.0,0.0
1980,1983,3,0.0,0.0
2001,2001,0,20.67970000576925,20.67970000576925
2000,2003,3,13.690980101888751,12.0
1993,1993,0,14.339850002884626,14.339850002884626
1980,2006,26,0.0,0.0
1980,1993,13,0.0,0.0
1988,1988,0,46.88268714730222,46.88268714730222
1980,1990,10,0.0,0.0
2008,2010,2,11.715961990255144,0.0
1980,1980,0,0.0,0.0
2006,2005,1,92.4955152056729,0.0
1980,2000,20,0.0,0.0
2011,2011,0,20.983706192659348,20.983706192659348
1999,1999,0,51.15798599307726,51.15798599307726
2014,2014,0,550.4310748427532,550.4310748427532
1980,2012,32,0.0,0.0
2004,2004,0,76.07820003461549,76.07820003461549
1980,1987,7,0.0,0.0
2012,2012,0,40.952694825701656,40.952694825701656
1995,1995,0,12.0,12.0
1980,1990,10,0.0,0.0
2014,2014,0,29.725177862321246,29.725177862321246
2009,2011,2,16.697456308462154,0.0
1984,1984,0,41.3594000115385,41.3594000115385
2004,1990,14,116.75790004038474,108.0
1997,1997,0,11.229419688230417,11.229419688230417
2010,2011,1,13.287712379549449,0.0
1997,1997,0,22.21835540671055,22.21835540671055
1980,1997,17,0.0,0.0
1980,2014,34,0.0,0.0
1980,2007,27,0.0,0.0
2004,1989,15,116.75790004038474,0.0
1980,2009,29,0.0,0.0
1980,1986,6,0.0,0.0
1980,1994,14,0.0,0.0
1980,2001,21,0.0,0.0
1980,1982,2,0.0,0.0
1982,1982,0,12.679700005769249,12.679700005769249
1980,1996,16,0.0,0.0
1980,1985,5,0.0,0.0
1980,2009,29,0.0,0.0
2015,2015,0,50.718800023076994,50.718800023076994
1980,1988,8,0.0,0.0
1980,1987,7,0.0,0.0
1980,1989,9,0.0,0.0
1980,2000,20,0.0,0.0
1980,2006,26,0.0,0.0
2010,2005,5,6.303780748177103,0.0
2014,2014,0,39.86313713864835,39.86313713864835
2011,2010,1,12.299494239009364,0.0
1980,2008,28,0.0,0.0
1980,1983,3,0.0,0.0
1980,1985,5,0.0,0.0
1980,2014,34,0.0,0.0
1980,1987,7,0.0,0.0
1980,2013,33,0.0,0.0
1986,1986,0,69.18863237274596,69.18863237274596
1980,2008,28,0.0,0.0
1980,2003,23,0.0,0.0
2012,2009,3,17.754887502163466,0.0
2003,2003,0,33.3594000115385,33.3594000115385
2001,2010,9,19.69098010188875,0.0
2001,2001,0,19.69098010188875,19.69098010188875
1980,1993,13,0.0,0.0
1980,2007,27,0.0,0.0
1980,1994,14,0.0,0.0
2007,2007,0,13.287712379549449,13.287712379549449
1980,1995,15,0.0,0.0
1980,2002,22,0.0,0.0
1980,2011,31,0.0,0.0
1980,2005,25,0.0,0.0
1997,1999,2,95.63647877599865,0.0
2012,2013,1,25.931568569324174,0.0
1980,1992,12,0.0,0.0
2001,2001,0,20.67970000576925,20.67970000576925
1990,1990,0,12.509775004326936,12.509775004326936
1980,1994,14,0.0,0.0
1980,1998,18,0.0,0.0
1980,2005,25,0.0,0.0
1980,2007,27,0.0,0.0
1980,2007,27,0.0,0.0
1980,1988,8,0.0,0.0
1980,1994,14,0.0,0.0
1980,1996,16,0.0,0.0
2007,2007,0,11.61470984411521,11.61470984411521
1993,1993,0,32.69970273000271,32.69970273000271
2009,2010,1,165.4428038717478,0.0
2009,2010,1,165.4428038717478,0.0
1988,1988,0,21.238605910831375,21.238605910831375
2001,1995,6,7.813781191217037,0.0
1997,1998,1,87.56842503028857,0.0
1997,1998,1,87.56842503028857,0.0
1997,1998,1,87.56842503028857,0.0
1980,2000,20,0.0,0.0
2006,2006,0,29.603517745128737,29.603517745128737
2007,2003,4,14.801758872564369,0.0
2012,2012,0,20.873423084274428,20.873423084274428
2007,2007,0,38.85440058579839,38.85440058579839
1980,1995,15,0.0,0.0
1980,1994,14,0.0,0.0
1980,1995,15,0.0,0.0
2014,2015,1,9.509775004326936,0.0
1980,2012,32,0.0,0.0
1980,2005,25,0.0,0.0
1980,1981,1,0.0,0.0
1980,1999,19,0.0,0.0
1980,1995,15,0.0,0.0
1980,2015,35,0.0,0.0
1980,1984,4,0.0,0.0
2014,2014,0,57.359400011538504,57.359400011538504
2005,2005,0,83.02635884729514,83.02635884729514
1980,2013,33,0.0,0.0
1980,2000,20,0.0,0.0
2013,2013,0,102.11141896378602,102.11141896378602
2013,2014,1,14.862588931160623,0.0
2004,2009,5,11.954559846999834,0.0
2009,2006,3,16.697456308462154,0.0
1995,1995,0,13.047123912114026,13.047123912114026
2009,2009,0,27.477662311888793,27.477662311888793
2011,2011,0,17.965068395080287,17.965068395080287
2004,2014,10,4.0,0.0
1980,2000,20,0.0,0.0
1980,2000,20,0.0,0.0
1980,2005,25,0.0,0.0
1980,2013,33,0.0,0.0
2013,2011,2,10.570804437724496,0.0
1980,2007,27,0.0,0.0
1980,1987,7,0.0,0.0
1980,1983,3,0.0,0.0
1981,1981,0,117.29696014546774,117.29696014546774
2008,2008,0,6.339850002884624,6.339850002884624
1984,1984,0,44.72350188295123,44.72350188295123
1980,1988,8,0.0,0.0
2002,2005,3,5.930737337562887,0.0
1999,1999,0,32.0,32.0
2012,2013,1,46.88268714730223,0.0
1980,2008,28,0.0,0.0
1980,2005,25,0.0,0.0
1980,1980,0,0.0,0.0
1980,2000,20,0.0,0.0
1980,2007,27,0.0,0.0
1980,1993,13,0.0,0.0
2008,2011,3,21.412992036122375,0.0
2000,2000,0,36.0,36.0
2005,2005,0,48.53085680500884,48.53085680500884
2013,2013,0,38.039100017307746,38.039100017307746
2003,2003,0,1194.7151040092363,1194.7151040092363
1980,1980,0,0.0,0.0
2004,2004,0,32.0,32.0
2000,1997,3,35.42569202679878,14.801758872564369
1980,2000,20,0.0,0.0
1980,1982,2,0.0,0.0
2007,2007,0,16.66376655503291,16.66376655503291
1980,2009,29,0.0,0.0
1983,1983,0,27.675452949098382,27.675452949098382
1980,1987,7,0.0,0.0
2000,2000,0,83.39850002884624,83.39850002884624
1995,1995,0,90.47123912114026,90.47123912114026
1995,1995,0,90.47123912114026,90.47123912114026
2003,2003,0,39.86313713864835,39.86313713864835
2007,2007,0,67.24940615003872,67.24940615003872
1986,1987,1,12.0,0.0
1980,2003,23,0.0,0.0
2003,2003,0,38.039100017307746,38.039100017307746
1980,1980,0,0.0,0.0
1980,2008,28,0.0,0.0
1980,1983,3,0.0,0.0
2010,2010,0,46.66062452252474,46.66062452252474
2010,2010,0,65.00047452540936,65.00047452540936
2001,1999,2,17.24406646419482,0.0
2001,2011,10,6.459431618637297,0.0
2000,1996,4,9.509775004326936,0.0
1980,2014,34,0.0,0.0
1980,2012,32,0.0,0.0
2009,2009,0,47.32265736817154,47.32265736817154
2012,2012,0,23.43458750793272,23.43458750793272
1989,1989,0,10.339850002884624,10.339850002884624
1997,1997,0,19.431923980510287,19.431923980510287
2013,2013,0,63.39850002884624,63.39850002884624
1980,1998,18,0.0,0.0
1980,1991,11,0.0,0.0
1996,1996,0,16.0,16.0
1980,1994,14,0.0,0.0
2001,2001,0,56.14709844115208,56.14709844115208
1980,1988,8,0.0,0.0
2010,2011,1,13.37829485591189,0.0
1980,1999,19,0.0,0.0
1985,1985,0,8.0,8.0
1980,1990,10,0.0,0.0
1980,2006,26,0.0,0.0
2008,1998,10,19.66376655503291,0.0
1980,1991,11,0.0,0.0
1980,1990,10,0.0,0.0
2014,2014,0,14.422064766172811,14.422064766172811
1980,2011,31,0.0,0.0
2011,2012,1,91.37651812938249,0.0
2011,2012,1,22.844129532345622,0.0
2009,2010,1,31.48756508066151,30.45883937646083
2014,2014,0,12.965784284662087,12.965784284662087
2008,2009,1,10.706496018061188,0.0
1983,1983,0,4.0,4.0
2003,1989,14,10.715104009236168,0.0
1980,2014,34,0.0,0.0
1990,1990,0,16.0,16.0
2008,2008,0,20.8378134625158,20.8378134625158
2005,2005,0,14.801758872564369,14.801758872564369
1980,1995,15,0.0,0.0
1980,1995,15,0.0,0.0
2001,2002,1,12.0,0.0
1980,1981,1,0.0,0.0
2015,2015,0,81.74925682500678,81.74925682500678
1980,1994,14,0.0,0.0
1999,1999,0,63.39850002884624,63.39850002884624
1996,1997,1,6.0,0.0
1980,2011,31,0.0,0.0
1980,2012,32,0.0,0.0
1980,2003,23,0.0,0.0
1980,1991,11,0.0,0.0
1980,2012,32,0.0,0.0
2003,1996,7,10.715104009236168,0.0
1980,2000,20,0.0,0.0
1980,1982,2,0.0,0.0
1984,1984,0,27.675452949098382,27.675452949098382
1980,2005,25,0.0,0.0
1990,1990,0,31.69925001442312,31.69925001442312
2013,2011,2,13.720671786825557,4.0
2013,2013,0,32.75658971182378,32.75658971182378
2001,2002,1,15.3878490508349,0.0
2010,2014,4,12.044735626056909,7.754887502163467
1980,1982,2,0.0,0.0
1982,1984,2,8.643856189774725,4.0
1980,1994,14,0.0,0.0
1980,1998,18,0.0,0.0
1980,1998,18,0.0,0.0
2009,2009,0,50.532388597036864,50.532388597036864
1980,1982,2,0.0,0.0
2008,2008,0,4.0,4.0
1980,2013,33,0.0,0.0
1981,1984,3,7.6147098441152075,0.0
1980,1992,12,0.0,0.0
1980,1996,16,0.0,0.0
1980,1987,7,0.0,0.0
2009,2009,0,79.26714096619,79.26714096619
1980,2014,34,0.0,0.0
1993,1993,0,45.688259064691245,45.688259064691245
1980,1995,15,0.0,0.0
2000,2006,6,32.69970273000271,0.0
1998,1992,6,6.9188632372745955,0.0
1994,1994,0,4.523561956057013,4.523561956057013
1980,2014,34,0.0,0.0
2005,2011,6,11.400879436282185,0.0
2001,2001,0,15.229419688230415,15.229419688230415
1984,1986,2,52.0945336562895,9.28771237954945
1980,1984,4,0.0,0.0
1994,1994,0,154.8785583852908,154.8785583852908
1994,1994,0,154.8785583852908,154.8785583852908
1980,1984,4,0.0,0.0
1985,1985,0,6.339850002884624,6.339850002884624
1984,1985,1,21.509775004326936,0.0
2014,2011,3,17.101319154423276,0.0
1980,2011,31,0.0,0.0
1980,1989,9,0.0,0.0
1980,2000,20,0.0,0.0
1994,1994,0,192.55704617569032,192.55704617569032
2006,2006,0,33.3594000115385,33.3594000115385
2007,2007,0,13.837726474549191,13.837726474549191
2009,2012,3,16.17695226833628,0.0
1998,1993,5,5.20945336562895,0.0
1980,2014,34,0.0,0.0
2010,2010,0,29.489168205258174,29.489168205258174
1982,1980,2,5.087462841250339,0.0
1980,2005,25,0.0,0.0
2004,2000,4,46.68810950996254,0.0
2001,2002,1,15.339850002884623,0.0
2013,2013,0,18.856206656586743,18.856206656586743
2011,2011,0,88.75790004038474,88.75790004038474
1996,1996,0,181.28520069156227,181.28520069156227
2003,2001,2,348.7912451522575,0.0
1981,1981,0,15.627562382434075,15.627562382434075
1980,1985,5,0.0,0.0
1980,1988,8,0.0,0.0
1980,2005,25,0.0,0.0
2010,2012,2,18.13434609695842,12.743782540330756
2004,2009,5,250.19550008653863,0.0
2011,2013,2,23.797958409245027,0.0
2011,2013,2,23.797958409245027,0.0
1984,1984,0,10.339850002884624,10.339850002884624
1980,1987,7,0.0,0.0
2012,2015,3,32.22883457759241,0.0
1980,2006,26,0.0,0.0
1987,1987,0,10.754887502163468,10.754887502163468
1980,1980,0,30.45883937646083,30.45883937646083
1987,1987,0,16.0,16.0
2013,2014,1,30.13318235807536,0.0
1980,2014,34,0.0,0.0
1993,1993,0,14.801758872564369,14.801758872564369
2007,2007,0,108.0,108.0
1982,1982,0,13.837726474549191,13.837726474549191
1980,1982,2,0.0,0.0
1983,1984,1,12.743782540330756,0.0
2008,2008,0,6.339850002884624,6.339850002884624
2008,2009,1,12.965784284662087,7.266786540694901
1980,2015,35,0.0,0.0
1980,2015,35,0.0,0.0
2001,2002,1,10.754887502163468,0.0
2010,2010,0,19.229419688230415,19.229419688230415
2004,2004,0,147.404653703207,147.404653703207
1985,1984,1,4.954196310386875,0.0
1980,1980,0,0.0,0.0
2010,2010,0,20.349851365001356,20.349851365001356
1980,1996,16,0.0,0.0
1982,1982,0,82.31294465580311,82.31294465580311
1992,1992,0,34.5754247590989,34.5754247590989
1980,1984,4,0.0,0.0
1980,1997,17,0.0,0.0
1981,1981,0,13.837726474549191,13.837726474549191
1980,2006,26,0.0,0.0
2004,2004,0,29.603517745128737,29.603517745128737
1980,1983,3,0.0,0.0
1987,1987,0,60.91767875292166,60.91767875292166
2004,2004,0,98.82460131545123,98.82460131545123
1980,2000,20,0.0,0.0
1980,2003,23,0.0,0.0
2004,2006,2,33.3594000115385,0.0
1993,1994,1,16.844129532345622,0.0
2004,2004,0,38.039100017307746,38.039100017307746
1980,2001,21,0.0,0.0
1980,2015,35,0.0,0.0
1980,2003,23,0.0,0.0
2012,2012,0,6.339850002884624,6.339850002884624
1987,1987,0,13.837726474549191,13.837726474549191
2004,2005,1,54.209025018750054,6.247927513443585
1987,1989,2,10.754887502163468,0.0
1980,2000,20,0.0,0.0
1980,2003,23,0.0,0.0
1980,2002,22,0.0,0.0
1994,1994,0,48.0,48.0
1980,2000,20,0.0,0.0
1980,2004,24,0.0,0.0
1980,1992,12,0.0,0.0
1980,1985,5,0.0,0.0
1980,1995,15,0.0,0.0
1980,2012,32,0.0,0.0
1980,2003,23,0.0,0.0
1980,1995,15,0.0,0.0
1980,1985,5,0.0,0.0
2007,2007,0,15.743782540330756,15.743782540330756
2007,2007,0,62.85970771787912,62.85970771787912
2015,2015,0,15.627562382434075,15.627562382434075
2007,2007,0,37.05799486168114,37.05799486168114
1980,1993,13,0.0,0.0
1989,1989,0,98.09910819000814,98.09910819000814
1999,1999,0,60.0,60.0
2010,2013,3,19.92868173558484,14.339850002884626
1980,1997,17,0.0,0.0
1980,1996,16,0.0,0.0
1980,2010,30,0.0,0.0
1980,1994,14,0.0,0.0
2005,2003,2,24.177576477433814,0.0
1980,2014,34,0.0,0.0
1980,2013,33,0.0,0.0
1980,2001,21,0.0,0.0
1980,2004,24,0.0,0.0
2012,2012,0,8.0,8.0
1980,1981,1,0.0,0.0
1980,2014,34,0.0,0.0
2008,2008,0,69.18863237274596,69.18863237274596
1983,1983,0,29.603517745128737,29.603517745128737
1985,1986,1,162.6270750562502,0.0
1980,1983,3,0.0,0.0
2013,2015,2,88.32403072095332,0.0
1989,1989,0,81.42411520902623,81.42411520902623
2008,2008,0,35.138539382230086,35.138539382230086
2008,2008,0,11.229419688230417,11.229419688230417
1999,1999,0,6.0,6.0
2001,2001,0,36.0,36.0
1980,1981,1,0.0,0.0
1995,1997,2,92.91767875292167,13.176952268336281
1980,2002,22,0.0,0.0
2001,2001,0,17.28771237954945,17.28771237954945
1980,1997,17,0.0,0.0
1980,1997,17,0.0,0.0
2006,2006,0,19.229419688230415,19.229419688230415
1980,2015,35,0.0,0.0
1980,2000,20,0.0,0.0
2005,2007,2,48.35515295486763,20.177576477433814
2011,2008,3,8.194756854422248,0.0
1993,1993,0,13.287712379549449,13.287712379549449
2002,2002,0,22.97668455506505,22.97668455506505
1998,1998,0,33.68825906469125,33.68825906469125
2008,2008,0,26.575424759098897,26.575424759098897
1980,2000,20,0.0,0.0
2001,1997,4,6.20945336562895,0.0
2013,2013,0,36.0,36.0
1996,1996,0,60.17757647743382,60.17757647743382
1980,1999,19,0.0,0.0
1980,1987,7,0.0,0.0
1980,1990,10,0.0,0.0
1996,1996,0,60.17757647743382,60.17757647743382
1985,1985,0,13.287712379549449,13.287712379549449
1980,2008,28,0.0,0.0
1980,1985,5,0.0,0.0
2010,2010,0,57.05865002596162,57.05865002596162
1980,2011,31,0.0,0.0
1980,1989,9,0.0,0.0
1991,1991,0,9.28771237954945,9.28771237954945
1980,1980,0,50.97513016132302,50.97513016132302
1997,1997,0,28.679700005769252,28.679700005769252
2004,1982,22,16.67970000576925,0.0
1980,2002,22,0.0,0.0
1980,2012,32,0.0,0.0
2009,2006,3,5.491853096329675,0.0
1980,2006,26,0.0,0.0
1980,1985,5,0.0,0.0
2000,2000,0,51.69925001442312,51.69925001442312
2007,2003,4,6.507794640198696,0.0
1980,1986,6,0.0,0.0
1998,1999,1,254.8695931843568,16.475559288989025
2004,2005,1,16.67970000576925,0.0
1980,1995,15,0.0,0.0
1980,1997,17,0.0,0.0
1980,1994,14,0.0,0.0
1994,1994,0,74.3016990363956,74.3016990363956
1980,1989,9,0.0,0.0
2010,2010,0,19.019550008653873,19.019550008653873
1980,2010,30,0.0,0.0
2008,2008,0,32.95111857797805,32.95111857797805
1993,1995,2,3.700439718141092,0.0
1980,1992,12,0.0,0.0
2001,2001,0,69.18863237274596,69.18863237274596
1980,2015,35,0.0,0.0
1980,2002,22,0.0,0.0
1980,1985,5,0.0,0.0
1980,1991,11,0.0,0.0
1997,1998,1,12.0,0.0
1980,1993,13,0.0,0.0
1980,1990,10,0.0,0.0
1980,2002,22,0.0,0.0
2005,2007,2,6.0,0.0
1980,1987,7,0.0,0.0
1980,1993,13,0.0,0.0
2013,2013,0,68.58877476594358,68.58877476594358
2002,2003,1,15.3878490508349,0.0
1980,2007,27,0.0,0.0
1980,1992,12,0.0,0.0
2003,2003,0,74.86204126518133,74.86204126518133
1997,1997,0,120.82186467782716,120.82186467782716
1980,2014,34,0.0,0.0
1980,1983,3,0.0,0.0
1980,1988,8,0.0,0.0
1980,1990,10,0.0,0.0
1980,1985,5,0.0,0.0
1980,1990,10,0.0,0.0
1980,1995,15,0.0,0.0
1980,1991,11,0.0,0.0
2003,2003,0,42.45883937646083,42.45883937646083
2010,2007,3,14.206098613995797,0.0
2003,1991,12,10.715104009236168,0.0
1986,1986,0,9.28771237954945,9.28771237954945
1980,1987,7,0.0,0.0
1997,1995,2,4.857980995127572,0.0
1980,1987,7,0.0,0.0
1980,1988,8,0.0,0.0
1980,1997,17,0.0,0.0
1987,1987,0,12.679700005769249,12.679700005769249
1991,1991,0,30.031178560794785,30.031178560794785
1980,1999,19,0.0,0.0
1980,1983,3,0.0,0.0
1980,1995,15,0.0,0.0
1980,2005,25,0.0,0.0
2007,2007,0,22.458839376460833,22.458839376460833
1985,1985,0,11.720671786825557,11.720671786825557
1994,1994,0,18.5754247590989,18.5754247590989
1994,1994,0,228.6907812286693,228.6907812286693
2001,2002,1,88.34942598956714,4.459431618637297
1980,1985,5,0.0,0.0
1984,1984,0,16.0,16.0
2000,2000,0,40.0,40.0
1995,1995,0,75.4721499868883,75.4721499868883
1980,2013,33,0.0,0.0
1980,1980,0,53.69298899724256,53.69298899724256
1980,1987,7,0.0,0.0
1980,2013,33,0.0,0.0
2009,2010,1,40.13488456773567,0.0
1980,1980,0,0.0,0.0
1987,1987,0,15.229419688230415,15.229419688230415
1980,2000,20,0.0,0.0
2012,2012,0,78.11837773478878,78.11837773478878
2012,2012,0,78.11837773478878,78.11837773478878
1981,1981,0,8.999999999999998,8.999999999999998
1980,1993,13,0.0,0.0
1987,1987,0,24.0,24.0
1984,1984,0,9.28771237954945,9.28771237954945
1980,2013,33,0.0,0.0
1980,1984,4,0.0,0.0
2004,2005,1,434.6404292923165,69.04940834084434
1980,2005,25,0.0,0.0
1980,1987,7,0.0,0.0
1980,1982,2,0.0,0.0
1980,1987,7,0.0,0.0
1980,1985,5,0.0,0.0
1980,1981,1,0.0,0.0
2004,2003,1,63.46773825890928,41.51317942364757
1995,1995,0,174.44129532345627,174.44129532345627
1980,1985,5,0.0,0.0
1982,1982,0,30.775698101669796,30.775698101669796
1984,1984,0,129.55519570060716,129.55519570060716
1980,2015,35,0.0,0.0
2004,2006,2,68.69646833851927,48.0
1980,2015,35,0.0,0.0
1980,1996,16,0.0,0.0
1992,1992,0,8.0,8.0
1980,1988,8,0.0,0.0
2004,2014,10,200.15640006923093,0.0
1991,1992,1,32.2646625064904,0.0
2008,2008,0,8.0,8.0
2003,2003,0,93.40465370320702,93.40465370320702
1986,1987,1,11.101319154423274,9.400879436282183
1980,1983,3,0.0,0.0
1980,1996,16,0.0,0.0
1998,1999,1,19.931568569324174,0.0
1999,1999,0,28.679700005769252,28.679700005769252
2005,2005,0,13.837726474549191,13.837726474549191
1980,1982,2,0.0,0.0
1980,2004,24,0.0,0.0
1980,1991,11,0.0,0.0
1980,2006,26,0.0,0.0
2001,2009,8,9.047123912114026,0.0
1980,2012,32,0.0,0.0
1980,1993,13,0.0,0.0
1988,1988,0,27.675452949098382,27.675452949098382
2010,2010,0,104.90851869626513,104.90851869626513
2010,2010,0,104.90851869626513,104.90851869626513
2006,2006,0,15.856206656586743,15.856206656586743
1993,1993,0,88.62055635325623,88.62055635325623
1993,1993,0,88.62055635325623,88.62055635325623
1980,2015,35,0.0,0.0
2011,2011,0,118.41407098051494,118.41407098051494
2004,1998,6,100.07820003461549,0.0
2003,2006,3,11.455840909126398,0.0
1980,1985,5,0.0,0.0
1980,1989,9,0.0,0.0
1980,1988,8,0.0,0.0
1980,1990,10,0.0,0.0
1980,2008,28,0.0,0.0
2012,2006,6,137.06477719407377,0.0
1980,1996,16,0.0,0.0
1980,1990,10,0.0,0.0
2013,2014,1,9.965784284662087,0.0
1980,1983,3,0.0,0.0
2008,2008,0,17.101319154423276,17.101319154423276
2011,2013,2,14.264662506490405,0.0
1980,1980,0,4.0,4.0
1980,1981,1,0.0,0.0
1994,1994,0,27.675452949098382,27.675452949098382
2007,2008,1,119.20902501875003,21.412992036122375
2012,2010,2,12.965784284662087,0.0
1983,1983,0,10.754887502163468,10.754887502163468
1980,1992,12,0.0,0.0
1980,1989,9,0.0,0.0
1980,1988,8,0.0,0.0
1994,1994,0,44.50977500432694,44.50977500432694
1980,1982,2,0.0,0.0
2009,2008,1,37.1389473532801,0.0
2003,2003,0,56.0,56.0
1980,2013,33,0.0,0.0
1980,2014,34,0.0,0.0
2015,2015,0,140.6480614419067,140.6480614419067
2002,2002,0,64.82456934853018,64.82456934853018
2008,2008,0,9.28771237954945,9.28771237954945
1998,1998,0,12.679700005769249,12.679700005769249
2012,2012,0,16.0,16.0
2012,2012,0,39.93354198016006,39.93354198016006
1998,1998,0,18.5754247590989,18.5754247590989
1980,2003,23,0.0,0.0
1980,1980,0,40.0,40.0
1980,1989,9,0.0,0.0
1995,1995,0,8.0,8.0
1990,1990,0,34.5754247590989,34.5754247590989
1980,2008,28,0.0,0.0
1994,1994,0,22.458839376460833,22.458839376460833
1980,1996,16,0.0,0.0
1986,1992,6,4.087462841250339,0.0
2002,2007,5,15.3878490508349,0.0
1980,2013,33,0.0,0.0
1990,1990,0,23.229419688230415,23.229419688230415
2007,2010,3,6.129283016944966,5.754887502163469
2007,2003,4,14.801758872564369,9.28771237954945
1980,2007,27,0.0,0.0
2014,2015,1,11.422064766172811,0.0
1997,1997,0,265.6685605013792,265.6685605013792
1980,1983,3,0.0,0.0
1980,1989,9,0.0,0.0
1980,1981,1,0.0,0.0
1996,1997,1,37.529325012980806,0.0
1980,2011,31,0.0,0.0
1980,2005,25,0.0,0.0
1995,1995,0,53.51317942364757,53.51317942364757
1995,1995,0,71.35090589819676,71.35090589819676
1980,2013,33,0.0,0.0
1980,1992,12,0.0,0.0
1980,2005,25,0.0,0.0
1980,1991,11,0.0,0.0
1998,1998,0,11.229419688230417,11.229419688230417
1980,1995,15,0.0,0.0
1992,1992,0,82.718800023077,82.718800023077
1987,1987,0,13.287712379549449,13.287712379549449
1993,1993,0,60.0,60.0
1980,1980,0,0.0,0.0
1980,1984,4,0.0,0.0
1980,2010,30,0.0,0.0
1980,1990,10,0.0,0.0
2004,2004,0,6.0,6.0
1983,1983,0,13.754887502163466,13.754887502163466
2014,2014,0,62.039100017307746,62.039100017307746
1980,1987,7,0.0,0.0
1980,1982,2,0.0,0.0
1980,2009,29,0.0,0.0
1980,1993,13,0.0,0.0
1995,1997,2,11.61470984411521,0.0
1983,1983,0,114.4489595550095,114.4489595550095
1980,2000,20,0.0,0.0
1980,1987,7,0.0,0.0
1980,2003,23,0.0,0.0
2005,2012,7,6.554588851677637,0.0
1996,1997,1,19.931568569324174,0.0
2006,2006,0,46.88268714730222,46.88268714730222
1994,1994,0,20.67970000576925,20.67970000576925
1994,1994,0,20.67970000576925,20.67970000576925
1980,1993,13,0.0,0.0
1980,1998,18,0.0,0.0
1980,1995,15,0.0,0.0
1980,2014,34,0.0,0.0
1980,1995,15,0.0,0.0
1980,1993,13,0.0,0.0
1980,1982,2,0.0,0.0
1986,1987,1,41.513179423647564,0.0
1980,1980,0,0.0,0.0
1980,1989,9,0.0,0.0
2010,2011,1,53.51317942364756,0.0
1980,1991,11,0.0,0.0
1980,1980,0,0.0,0.0
1985,1985,0,20.67970000576925,20.67970000576925
2014,2014,0,8.0,8.0
1980,1994,14,0.0,0.0
2002,2002,0,38.863847961020575,38.863847961020575
2003,2003,0,8.0,8.0
1980,2004,24,0.0,0.0
2014,2015,1,40.712057604513106,0.0
2013,2013,0,11.101319154423274,11.101319154423274
1980,1986,6,0.0,0.0
1980,1993,13,0.0,0.0
1980,1993,13,0.0,0.0
1980,2015,35,0.0,0.0
1980,2009,29,0.0,0.0
1980,1992,12,0.0,0.0
1980,1995,15,0.0,0.0
2004,2001,3,16.67970000576925,14.339850002884626
1980,1987,7,0.0,0.0
2006,2006,0,40.0,40.0
1980,2005,25,0.0,0.0
1980,1980,0,18.5754247590989,18.5754247590989
1980,2015,35,0.0,0.0
1980,1985,5,0.0,0.0
1980,2014,34,0.0,0.0
1980,1981,1,0.0,0.0
1980,1982,2,0.0,0.0
1980,1983,3,0.0,0.0
1980,2010,30,0.0,0.0
1980,2014,34,0.0,0.0
2002,2008,6,8.918863237274595,6.339850002884624
1995,1995,0,14.801758872564369,14.801758872564369
1980,1980,0,0.0,0.0
2000,2001,1,15.262388523751017,0.0
1980,1982,2,0.0,0.0
1980,1990,10,0.0,0.0
1987,1988,1,23.441343573651114,0.0
1980,2000,20,0.0,0.0
1980,1996,16,0.0,0.0
1980,1996,16,0.0,0.0
1980,2014,34,0.0,0.0
2007,2009,2,11.422064766172811,10.754887502163468
2011,2011,0,72.78488921353477,72.78488921353477
2012,2011,1,11.101319154423274,0.0
1991,1991,0,16.67970000576925,16.67970000576925
2002,2002,0,39.86313713864835,39.86313713864835
1980,1989,9,0.0,0.0
1980,1984,4,0.0,0.0
1980,1989,9,0.0,0.0
1980,1980,0,0.0,0.0
1980,2009,29,0.0,0.0
2000,2000,0,13.287712379549449,13.287712379549449
1980,2012,32,0.0,0.0
2000,2003,3,5.247927513443585,0.0
2008,2009,1,8.422064766172811,0.0
2009,2009,0,159.88703974981883,159.88703974981883
1990,1990,0,33.3594000115385,33.3594000115385
2007,2007,0,120.0,120.0
2009,2006,3,6.0,4.0
1980,2000,20,0.0,0.0
1980,2015,35,0.0,0.0
2004,2013,9,16.67970000576925,0.0
1980,2011,31,0.0,0.0
1980,2009,29,0.0,0.0
1980,1994,14,0.0,0.0
1980,2006,26,0.0,0.0
1980,1988,8,0.0,0.0
2000,2001,1,27.141371736342073,0.0
1991,1991,0,15.229419688230415,15.229419688230415
1980,1990,10,0.0,0.0
1980,1982,2,0.0,0.0
1987,1989,2,9.400879436282183,0.0
1980,2001,21,0.0,0.0
1980,1985,5,0.0,0.0
1980,2011,31,0.0,0.0
2003,2003,0,37.603517745128734,37.603517745128734
1980,1985,5,0.0,0.0
2010,2013,3,7.562242424221073,0.0
1980,1980,0,0.0,0.0
1980,1995,15,0.0,0.0
1980,1991,11,0.0,0.0
1993,1993,0,38.039100017307746,38.039100017307746
1994,1995,1,29.725177862321246,0.0
1999,1997,2,18.801758872564367,0.0
1980,1982,2,0.0,0.0
2011,2013,2,5.426264754702098,0.0
1980,1987,7,0.0,0.0
1992,1992,0,44.91767875292167,44.91767875292167
1980,1998,18,0.0,0.0
1980,1984,4,0.0,0.0
2012,2012,0,16.844129532345622,16.844129532345622
2012,2012,0,16.844129532345622,16.844129532345622
2012,2013,1,16.844129532345622,0.0
1980,1980,0,0.0,0.0
1980,1990,10,0.0,0.0
1983,1983,0,43.01955000865388,43.01955000865388
1980,2008,28,0.0,0.0
1998,1998,0,16.07265601385425,16.07265601385425
1987,1986,1,22.21835540671055,0.0
1980,2002,22,0.0,0.0
1980,1985,5,0.0,0.0
1980,1989,9,0.0,0.0
1980,2005,25,0.0,0.0
1980,1991,11,0.0,0.0
1980,1994,14,0.0,0.0
1982,1980,2,2.807354922057604,0.0
1980,2003,23,0.0,0.0
1980,1993,13,0.0,0.0
1980,1987,7,0.0,0.0
2000,2000,0,25.359400011538497,25.359400011538497
1980,1993,13,0.0,0.0
1980,1989,9,0.0,0.0
1980,1981,1,0.0,0.0
2008,2008,0,14.339850002884626,14.339850002884626
1989,1989,0,44.91767875292167,44.91767875292167
2004,2004,0,111.45254855459338,111.45254855459338
1989,1989,0,13.837726474549191,13.837726474549191
1980,1983,3,0.0,0.0
1996,1996,0,146.16483617504394,146.16483617504394
1980,1997,17,0.0,0.0
2007,2007,0,86.77484539370735,86.77484539370735
1980,1980,0,0.0,0.0
1980,2013,33,0.0,0.0
2002,2014,12,11.109177703355275,0.0
1980,1990,10,0.0,0.0
1980,1983,3,0.0,0.0
2008,2008,0,9.715961990255144,9.715961990255144
2007,2007,0,161.35107452023684,161.35107452023684
2009,2009,0,19.13318235807536,19.13318235807536
2011,2010,1,12.533573081389802,0.0
2002,2006,4,7.169925001442313,0.0
2013,2013,0,9.28771237954945,9.28771237954945
2013,2013,0,9.28771237954945,9.28771237954945
1997,1997,0,25.399344689672727,25.399344689672727
1988,1988,0,10.339850002884624,10.339850002884624
1980,1982,2,0.0,0.0
1980,2008,28,0.0,0.0
1980,1992,12,0.0,0.0
2004,2003,1,22.499541067419756,14.573942985382718
1980,1980,0,0.0,0.0
2011,2012,1,39.9245904048436,0.0
2010,2012,2,13.176952268336281,12.0
1984,1984,0,28.679700005769252,28.679700005769252
1980,1996,16,0.0,0.0
1987,1988,1,14.101319154423276,0.0
1980,1994,14,0.0,0.0
2000,2000,0,12.0,12.0
1980,2001,21,0.0,0.0
2000,2001,1,13.37829485591189,0.0
1980,2003,23,0.0,0.0
2005,2006,1,29.441343573651107,0.0
1980,2000,20,0.0,0.0
1980,2012,32,0.0,0.0
1986,1984,2,5.285402218862248,0.0
1980,1984,4,0.0,0.0
1980,1985,5,0.0,0.0
1980,1982,2,0.0,0.0
1980,1986,6,0.0,0.0
1995,1995,0,125.73835003173085,125.73835003173085
2000,2001,1,36.0,0.0
1985,1986,1,10.339850002884624,0.0
1998,1998,0,42.03527112912825,42.03527112912825
2008,2008,0,68.5822694357032,68.5822694357032
1980,1990,10,0.0,0.0
2006,2006,0,37.603517745128734,37.603517745128734
1980,1985,5,0.0,0.0
1989,1990,1,12.78463484555752,10.339850002884624
1980,2004,24,0.0,0.0
2013,2013,0,17.344079140573978,17.344079140573978
2013,2014,1,17.344079140573978,0.0
1980,2012,32,0.0,0.0
1980,2005,25,0.0,0.0
2009,2009,0,110.5718294496092,110.5718294496092
1980,1986,6,0.0,0.0
2003,2014,11,10.715104009236168,0.0
1985,1987,2,8.339850002884624,8.0
1980,1980,0,0.0,0.0
1998,1998,0,53.691412783777054,53.691412783777054
1980,2013,33,0.0,0.0
1980,2002,22,0.0,0.0
2004,2004,0,13.837726474549191,13.837726474549191
1993,1993,0,40.69970273000271,40.69970273000271
1980,1981,1,0.0,0.0
2008,2009,1,36.58326071798618,18.339850002884624
1983,1983,0,186.4180500375001,186.4180500375001
1996,1990,6,5.087462841250339,0.0
1980,2015,35,0.0,0.0
1995,1995,0,13.931568569324176,13.931568569324176
1994,1995,1,32.79868937934546,0.0
1980,1994,14,0.0,0.0
1980,2009,29,0.0,0.0
1993,1993,0,28.679700005769252,28.679700005769252
1980,1980,0,0.0,0.0
1980,1993,13,0.0,0.0
1991,1991,0,72.0,72.0
2003,2009,6,27.863137138648344,0.0
2005,2006,1,16.570685868171037,3.9068905956085187
1980,1980,0,0.0,0.0
1998,1998,0,41.79971648226753,41.79971648226753
1998,1998,0,32.289941477940594,32.289941477940594
1980,1983,3,0.0,0.0
2013,2013,0,16.07265601385425,16.07265601385425
1980,1983,3,0.0,0.0
1984,1984,0,59.207035490257475,59.207035490257475
1980,2000,20,0.0,0.0
1980,1980,0,0.0,0.0
1980,1988,8,0.0,0.0
1980,2004,24,0.0,0.0
1980,1997,17,0.0,0.0
1980,1982,2,0.0,0.0
1980,1998,18,0.0,0.0
2010,2010,0,13.176952268336281,13.176952268336281
1980,1988,8,0.0,0.0
2005,2008,3,259.62483802100655,20.67970000576925
1980,1989,9,0.0,0.0
1980,1987,7,0.0,0.0
2012,2012,0,14.533573081389802,14.533573081389802
1980,1992,12,0.0,0.0
2005,2005,0,12.0,12.0
1980,2013,33,0.0,0.0
2004,2004,0,19.019550008653873,19.019550008653873
1980,1982,2,0.0,0.0
2011,2011,0,16.0,16.0
1993,2003,10,9.047123912114026,0.0
1999,1999,0,134.75303625876504,134.75303625876504
1980,1989,9,0.0,0.0
1980,1987,7,0.0,0.0
1980,2015,35,0.0,0.0
1980,2002,22,0.0,0.0
1980,2012,32,0.0,0.0
1980,2012,32,0.0,0.0
2001,2001,0,85.89725551783475,85.89725551783475
2002,2001,1,3.5849625007211565,0.0
1980,1980,0,0.0,0.0
1980,1995,15,0.0,0.0
1980,1986,6,0.0,0.0
2004,1986,18,33.3594000115385,0.0
1980,2002,22,0.0,0.0
1980,1987,7,0.0,0.0
1980,2004,24,0.0,0.0
1980,2004,24,0.0,0.0
2000,2002,2,11.422064766172811,8.0
2014,2014,0,45.93156856932418,45.93156856932418
2004,2004,0,37.1508495181978,37.1508495181978
1980,2011,31,0.0,0.0
1990,1990,0,12.679700005769249,12.679700005769249
1980,2011,31,0.0,0.0
1980,1990,10,0.0,0.0
1980,1988,8,0.0,0.0
1982,1983,1,11.422064766172811,0.0
1980,2006,26,0.0,0.0
1980,1991,11,0.0,0.0
2004,2005,1,40.42345322319823,0.0
1997,1997,0,16.0,16.0
1980,2002,22,0.0,0.0
2008,2008,0,46.88508029066055,46.88508029066055
1993,1993,0,75.20703549025747,75.20703549025747
1980,2009,29,0.0,0.0
1980,1992,12,0.0,0.0
1991,1991,0,31.219280948873624,31.219280948873624
1998,1998,0,23.287712379549447,23.287712379549447
1980,2009,29,0.0,0.0
1980,1982,2,0.0,0.0
1980,1992,12,0.0,0.0
1980,2006,26,0.0,0.0
1985,1985,0,6.339850002884624,6.339850002884624
1980,1985,5,0.0,0.0
2008,2007,1,334.32368021228336,14.862588931160623
2006,2006,0,16.67970000576925,16.67970000576925
2003,1992,11,10.715104009236168,0.0
1980,2007,27,0.0,0.0
2004,1986,18,16.67970000576925,0.0
2007,1990,17,14.801758872564369,0.0
1980,1980,0,0.0,0.0
1980,1980,0,0.0,0.0
2002,2003,1,24.04439411935845,0.0
1985,1985,0,18.5754247590989,18.5754247590989
1980,2013,33,0.0,0.0
1980,1985,5,0.0,0.0
2000,2007,7,5.906890595608519,0.0
1980,1982,2,0.0,0.0
1992,1992,0,14.264662506490405,14.264662506490405
1980,2008,28,0.0,0.0
1980,1997,17,0.0,0.0
2003,2007,4,10.715104009236168,0.0
1980,1997,17,0.0,0.0
1980,1988,8,0.0,0.0
1980,1980,0,0.0,0.0
1980,1996,16,0.0,0.0
1980,1983,3,0.0,0.0
1980,2010,30,0.0,0.0
1980,1990,10,0.0,0.0
1995,1995,0,4.0,4.0
1997,1995,2,4.643856189774725,0.0
1985,1985,0,4.0,4.0
1994,1994,0,143.39850002884626,143.39850002884626
1980,1982,2,0.0,0.0
1980,1985,5,0.0,0.0
1991,1991,0,33.3594000115385,33.3594000115385
1980,1996,16,0.0,0.0
1980,1998,18,0.0,0.0
1980,1984,4,0.0,0.0
1980,1991,11,0.0,0.0
1982,1983,1,8.422064766172811,0.0
1990,1991,1,25.266194298518435,0.0
1980,2000,20,0.0,0.0
1980,2010,30,0.0,0.0
1980,2010,30,0.0,0.0
1996,1996,0,15.229419688230415,15.229419688230415
2014,2014,0,12.679700005769249,12.679700005769249
1987,1987,0,14.339850002884626,14.339850002884626
1980,2006,26,0.0,0.0
2011,2012,1,31.985334293315958,0.0
1980,1988,8,0.0,0.0
1987,1987,0,13.837726474549191,13.837726474549191
2013,2014,1,21.287712379549447,14.422064766172811
1980,1984,4,0.0,0.0
1980,1980,0,12.679700005769249,12.679700005769249
1987,1989,2,20.554588851677636,0.0
1980,1992,12,0.0,0.0
1980,1988,8,0.0,0.0
1980,1988,8,0.0,0.0
1997,1998,1,18.0,0.0
1980,2007,27,0.0,0.0
1998,2005,7,9.400879436282183,0.0
2005,2005,0,64.88508029066054,64.88508029066054
1980,1989,9,0.0,0.0
1980,1985,5,0.0,0.0
1980,1983,3,0.0,0.0
1980,1991,11,0.0,0.0
1996,1996,0,44.405276617693104,44.405276617693104
2001,1997,4,5.044394119358453,0.0
1987,1987,0,30.45883937646083,30.45883937646083
1980,1980,0,0.0,0.0
1987,1987,0,38.19155582633239,38.19155582633239
2013,2013,0,151.9930567171638,151.9930567171638
1980,1980,0,0.0,0.0
1980,1982,2,0.0,0.0
1980,2009,29,0.0,0.0
2005,2005,0,25.48756508066151,25.48756508066151
1980,1986,6,0.0,0.0
1982,1983,1,6.0,0.0
2002,2006,4,3.321928094887362,0.0
1986,1986,0,22.20263830884655,22.20263830884655
1980,1981,1,0.0,0.0
1980,1981,1,0.0,0.0
1980,1990,10,0.0,0.0
1980,2010,30,0.0,0.0
2003,2001,2,32.1453120277085,0.0
1980,1991,11,0.0,0.0
1980,2015,35,0.0,0.0
1990,1989,1,5.459431618637297,0.0
1980,1988,8,0.0,0.0
2004,2003,1,31.01955000865387,0.0
1980,1987,7,0.0,0.0
1980,1980,0,0.0,0.0
1984,1984,0,9.28771237954945,9.28771237954945
1980,1997,17,0.0,0.0
1980,1981,1,0.0,0.0
1980,1982,2,0.0,0.0
1980,1983,3,0.0,0.0
2002,2002,0,80.26002722155307,80.26002722155307
1991,1992,1,12.262388523751017,0.0
1980,1983,3,0.0,0.0
2005,2005,0,146.54152379512325,146.54152379512325
1980,1989,9,0.0,0.0
1987,1987,0,18.5754247590989,18.5754247590989
1980,1985,5,0.0,0.0
1980,1989,9,0.0,0.0
1980,1987,7,0.0,0.0
1980,1987,7,0.0,0.0
1980,2007,27,0.0,0.0
1980,1987,7,0.0,0.0
2002,2002,0,423.7191772123346,423.7191772123346
1989,1987,2,9.90839262077375,9.28771237954945
1983,1983,0,33.68825906469125,33.68825906469125
2005,2005,0,92.8771237954945,92.8771237954945
1980,1980,0,0.0,0.0
1988,1989,1,11.720671786825557,0.0
1999,2002,3,17.569269691115043,9.28771237954945
1980,1980,0,0.0,0.0
2002,2000,2,9.509775004326936,0.0
1980,1988,8,0.0,0.0
1980,1989,9,0.0,0.0
1980,1981,1,0.0,0.0
1980,1986,6,0.0,0.0
1980,2014,34,0.0,0.0
1984,1984,0,12.679700005769249,12.679700005769249
1980,2009,29,0.0,0.0
1980,1981,1,0.0,0.0
1980,2008,28,0.0,0.0
1980,1981,1,0.0,0.0
2012,2013,1,64.5293250129808,12.743782540330756
1980,1995,15,0.0,0.0
1980,1994,14,0.0,0.0
2004,2004,0,9.28771237954945,9.28771237954945
1982,1982,0,16.0,16.0
2013,2014,1,32.756589711823786,14.264662506490405
1980,2004,24,0.0,0.0
2000,2001,1,25.48756508066151,0.0
1989,1989,0,13.837726474549191,13.837726474549191
1980,1983,3,0.0,0.0
1980,2008,28,0.0,0.0
2000,2000,0,12.965784284662087,12.965784284662087
1980,1991,11,0.0,0.0
2009,2009,0,49.827415083546136,49.827415083546136
2009,2009,0,49.827415083546136,49.827415083546136
1980,1994,14,0.0,0.0
1980,2012,32,0.0,0.0
1980,1993,13,0.0,0.0
1980,1984,4,0.0,0.0
1997,1997,0,29.84962500721156,29.84962500721156
1980,1990,10,0.0,0.0
2011,2011,0,27.675452949098382,27.675452949098382
1980,1989,9,0.0,0.0
1980,1996,16,0.0,0.0
2003,2003,0,324.08746284125033,324.08746284125033
1980,1991,11,0.0,0.0
1980,1981,1,0.0,0.0
1980,1984,4,0.0,0.0
1988,1988,0,15.229419688230415,15.229419688230415
1980,2013,33,0.0,0.0
1980,1985,5,0.0,0.0
1980,2002,22,0.0,0.0
1983,1983,0,12.679700005769249,12.679700005769249
1988,1988,0,14.339850002884626,14.339850002884626
1980,1980,0,18.5754247590989,18.5754247590989
1980,2011,31,0.0,0.0
1980,2011,31,0.0,0.0
1980,1987,7,0.0,0.0
1980,1982,2,0.0,0.0
1980,2013,33,0.0,0.0
1988,1988,0,15.229419688230415,15.229419688230415
1998,1998,0,56.5331975284183,56.5331975284183
1980,2013,33,0.0,0.0
1981,1981,0,138.37726474549189,138.37726474549189
1980,1990,10,0.0,0.0
2009,2009,0,16.37829485591189,16.37829485591189
2002,2002,0,64.0,64.0
2002,2002,0,39.86313713864835,39.86313713864835
1980,1989,9,0.0,0.0
1980,1996,16,0.0,0.0
2011,2011,0,92.02237082322117,92.02237082322117
1980,2009,29,0.0,0.0
1982,1983,1,64.82892142331043,0.0
1993,1993,0,69.18863237274596,69.18863237274596
1980,2001,21,0.0,0.0
2013,2013,0,43.01955000865388,43.01955000865388
2015,2015,0,79.7262742772967,79.7262742772967
1989,1989,0,120.74026093414282,120.74026093414282
1989,1988,1,11.422064766172811,0.0
1980,1990,10,0.0,0.0
2004,1995,9,4.700439718141092,0.0
1989,1989,0,41.51317942364757,41.51317942364757
1983,1983,0,20.67970000576925,20.67970000576925
1980,2015,35,0.0,0.0
2011,2012,1,14.264662506490405,0.0
1980,1981,1,0.0,0.0
1993,1993,0,152.00034901079886,152.00034901079886
1980,1995,15,0.0,0.0
2000,2008,8,8.49585502688717,0.0
1990,1991,1,10.378294855911891,0.0
1980,2010,30,0.0,0.0
1980,2008,28,0.0,0.0
1980,1980,0,0.0,0.0
1980,1982,2,0.0,0.0
1980,1989,9,0.0,0.0
1980,1987,7,0.0,0.0
1980,1983,3,0.0,0.0
1980,1980,0,0.0,0.0
1980,1988,8,0.0,0.0
1995,1995,0,12.262388523751017,12.262388523751017
1992,1993,1,43.209684611867985,29.147885970765437
1980,2004,24,0.0,0.0
1980,1994,14,0.0,0.0
1980,1994,14,0.0,0.0
2005,2005,0,42.339850002884624,42.339850002884624
1980,1986,6,0.0,0.0
1984,1986,2,98.10749561002054,0.0
1987,1985,2,4.643856189774725,0.0
1980,1989,9,0.0,0.0
1980,2003,23,0.0,0.0
1980,2014,34,0.0,0.0
2011,2011,0,38.039100017307746,38.039100017307746
2011,2012,1,15.13318235807536,0.0
1980,2014,34,0.0,0.0
1980,2001,21,0.0,0.0
1992,1992,0,10.378294855911891,10.378294855911891
1980,1984,4,0.0,0.0
2002,2002,0,68.73145994413869,68.73145994413869
2012,2012,0,20.0,20.0
1980,1999,19,0.0,0.0
1980,1980,0,65.39940546000543,65.39940546000543
2004,2004,0,74.03955448186163,74.03955448186163
2009,2009,0,9.28771237954945,9.28771237954945
2010,2010,0,8.0,8.0
2000,2001,1,12.78463484555752,0.0
1980,2001,21,0.0,0.0
2014,2014,0,70.75911820921849,70.75911820921849
2014,2014,0,70.75911820921849,70.75911820921849
1980,2013,33,0.0,0.0
2014,2014,0,44.405276617693104,44.405276617693104
1980,2012,32,0.0,0.0
2004,2004,0,251.6299008335942,251.6299008335942
1987,1987,0,22.20263830884655,22.20263830884655
2007,2007,0,130.40482731980848,130.40482731980848
2004,1994,10,350.27370012115404,57.359400011538504
1980,1984,4,0.0,0.0
1980,2010,30,0.0,0.0
2002,1996,6,8.339850002884624,7.754887502163467
2000,2001,1,199.82155074740476,5.672425341971495
2010,2010,0,73.60335893412777,73.60335893412777
2010,2011,1,73.60335893412777,0.0
1997,1997,0,17.83772647454919,17.83772647454919
2012,2014,2,29.14788597076543,0.0
1980,1988,8,0.0,0.0
1980,1982,2,0.0,0.0
1980,2015,35,0.0,0.0
1986,1986,0,25.359400011538497,25.359400011538497
1994,1994,0,53.383317564430904,53.383317564430904
2011,2011,0,10.378294855911891,10.378294855911891
1980,1991,11,0.0,0.0
1980,1985,5,0.0,0.0
1980,1984,4,0.0,0.0
1980,1982,2,0.0,0.0
1980,1984,4,0.0,0.0
1980,1988,8,0.0,0.0
1982,1982,0,198.77175585402304,198.77175585402304
2008,2010,2,21.412992036122375,0.0
1980,2009,29,0.0,0.0
1980,2015,35,0.0,0.0
1985,1985,0,66.60791492653965,66.60791492653965
1983,1983,0,16.0,16.0
1980,1988,8,0.0,0.0
1989,1989,0,53.150849518197795,53.150849518197795
1991,1991,0,31.019550008653873,31.019550008653873
2008,2008,0,83.02635884729514,83.02635884729514
1996,1996,0,207.22462421590112,207.22462421590112
1981,1981,0,46.88268714730222,46.88268714730222
1985,1985,0,31.134884567735675,31.134884567735675
1980,2001,21,0.0,0.0
1980,1986,6,0.0,0.0
1980,2000,20,0.0,0.0
1980,1980,0,15.627562382434075,15.627562382434075
2003,2003,0,21.944523697466586,21.944523697466586
1980,1991,11,0.0,0.0
2009,2010,1,50.11132874953888,13.287712379549449
2009,2009,0,79.97391768069951,79.97391768069951
1980,1980,0,0.0,0.0
1982,1982,0,27.675452949098382,27.675452949098382
2004,2005,1,52.36350286867626,11.342630298678408
1980,1992,12,0.0,0.0
1980,1981,1,0.0,0.0
1980,1994,14,0.0,0.0
1980,1994,14,0.0,0.0
1986,1987,1,10.378294855911891,0.0
1980,1988,8,0.0,0.0
2015,2015,0,6.339850002884624,6.339850002884624
1990,1990,0,24.174925682500678,24.174925682500678
1980,2006,26,0.0,0.0
1982,1982,0,8.0,8.0
1988,1991,3,4.954196310386875,0.0
1980,1990,10,0.0,0.0
2013,2010,3,36.0,3.9068905956085187
1992,1992,0,13.287712379549449,13.287712379549449
2005,2005,0,121.87218755408665,121.87218755408665
1980,1990,10,0.0,0.0
1980,2002,22,0.0,0.0
1984,1980,4,14.422064766172811,12.0
1980,1989,9,0.0,0.0
2009,2009,0,43.32877191216012,43.32877191216012
1980,1992,12,0.0,0.0
1980,2012,32,0.0,0.0
1980,1980,0,0.0,0.0
1984,1983,1,8.918863237274595,0.0
1980,1982,2,0.0,0.0
1980,2006,26,0.0,0.0
1980,1995,15,0.0,0.0
1980,1989,9,0.0,0.0
1980,1981,1,0.0,0.0
1980,1983,3,0.0,0.0
2008,2008,0,6.339850002884624,6.339850002884624
1980,1995,15,0.0,0.0
2009,2009,0,91.31476418050667,91.31476418050667
1991,1991,0,33.14137173634208,33.14137173634208
1980,1987,7,0.0,0.0
1980,1989,9,0.0,0.0
1980,1995,15,0.0,0.0
1980,1981,1,0.0,0.0
1980,2006,26,0.0,0.0
1999,1999,0,19.431923980510287,19.431923980510287
2001,2001,0,8.0,8.0
1987,1988,1,74.31294465580311,0.0
1980,1985,5,0.0,0.0
1980,2013,33,0.0,0.0
2011,2011,0,21.509775004326936,21.509775004326936
1980,1997,17,0.0,0.0
1980,1981,1,0.0,0.0
1980,1998,18,0.0,0.0
1985,1986,1,21.509775004326936,0.0
1980,1990,10,0.0,0.0
1986,1986,0,80.26976913547134,80.26976913547134
1980,1993,13,0.0,0.0
1980,1991,11,0.0,0.0
1980,2012,32,0.0,0.0
1980,2008,28,0.0,0.0
1980,1985,5,0.0,0.0
1982,1982,0,9.509775004326936,9.509775004326936
1980,1992,12,0.0,0.0
1999,1999,0,152.0,152.0
1980,1980,0,0.0,0.0
1980,1994,14,0.0,0.0
1983,1983,0,44.91767875292167,44.91767875292167
1997,1997,0,72.91767875292166,72.91767875292166
1980,1983,3,0.0,0.0
1980,1991,11,0.0,0.0
1980,1990,10,0.0,0.0
1992,1997,5,6.0,0.0
1980,2007,27,0.0,0.0
1980,1992,12,0.0,0.0
1980,1992,12,0.0,0.0
1980,2013,33,0.0,0.0
1980,2014,34,0.0,0.0
1990,1985,5,9.047123912114026,0.0
1980,1986,6,0.0,0.0
1999,1999,0,46.43856189774725,46.43856189774725
1980,1985,5,0.0,0.0
1980,1985,5,0.0,0.0
1980,2010,30,0.0,0.0
1980,1980,0,6.339850002884624,6.339850002884624
2000,2000,0,20.99171005377434,20.99171005377434
1980,1988,8,0.0,0.0
1993,1993,0,11.229419688230417,11.229419688230417
1998,1998,0,4.0,4.0
1980,2004,24,0.0,0.0
2007,2006,1,12.965784284662087,0.0
1980,2006,26,0.0,0.0
1980,1985,5,0.0,0.0
1987,1988,1,11.101319154423274,0.0
2001,2001,0,30.45883937646083,30.45883937646083
1980,2015,35,0.0,0.0
1999,1999,0,33.3594000115385,33.3594000115385
1991,1991,0,24.0,24.0
2003,2003,0,38.63376505896151,38.63376505896151
1994,1995,1,401.89541003969043,0.0
1980,1989,9,0.0,0.0
1990,1990,0,18.837726474549193,18.837726474549193
1980,1982,2,0.0,0.0
1982,1982,0,50.97513016132302,50.97513016132302
1980,2012,32,0.0,0.0
1984,1984,0,140.6480614419067,140.6480614419067
2004,2004,0,16.349851365001356,16.349851365001356
1980,2011,31,0.0,0.0
2012,2013,1,40.13488456773567,0.0
2012,2012,0,40.13488456773567,40.13488456773567
1980,2011,31,0.0,0.0
2011,2011,0,19.229419688230415,19.229419688230415
1994,1994,0,43.7787407575104,43.7787407575104
2002,2003,1,66.60791492653965,32.557588528212584
2005,2007,2,10.643856189774723,0.0
1985,1986,1,51.89147427955945,0.0
1980,1991,11,0.0,0.0
1987,1987,0,44.91767875292167,44.91767875292167
1981,1981,0,11.229419688230417,11.229419688230417
1980,1994,14,0.0,0.0
2000,2000,0,49.979098941874106,49.979098941874106
2012,2012,0,39.86313713864835,39.86313713864835
1999,1999,0,53.150849518197795,53.150849518197795
1980,1991,11,0.0,0.0
1980,2003,23,0.0,0.0
1980,1990,10,0.0,0.0
1980,1987,7,0.0,0.0
1980,1993,13,0.0,0.0
1980,2010,30,0.0,0.0
1980,1983,3,0.0,0.0
1987,1987,0,11.229419688230417,11.229419688230417
1983,1983,0,10.339850002884624,10.339850002884624
1991,1994,3,3.321928094887362,0.0
1980,2008,28,0.0,0.0
2002,2011,9,3.9068905956085187,0.0
1980,1983,3,0.0,0.0
1980,2003,23,0.0,0.0
2004,2004,0,12.0,12.0
1980,1988,8,0.0,0.0
1980,2001,21,0.0,0.0
1980,2009,29,0.0,0.0
1980,1996,16,0.0,0.0
1997,1997,0,62.039100017307746,62.039100017307746
1980,1987,7,0.0,0.0
1980,2000,20,0.0,0.0
2010,2008,2,124.99122797349773,39.86313713864835
1980,1980,0,0.0,0.0
2001,2001,0,332.9803397883216,332.9803397883216
1983,1983,0,62.2430030922423,62.2430030922423
2002,2003,1,22.844129532345622,0.0
2010,2010,0,96.0,96.0
2014,2014,0,61.04955409500407,61.04955409500407
1994,1994,0,108.1898736607568,108.1898736607568
1980,1982,2,0.0,0.0
1980,1995,15,0.0,0.0
2006,2006,0,14.573942985382718,14.573942985382718
1980,1994,14,0.0,0.0
1980,1983,3,0.0,0.0
1980,1984,4,0.0,0.0
1980,2010,30,0.0,0.0
2004,1987,17,116.75790004038474,0.0
1989,1989,0,4.0,4.0
1980,1988,8,0.0,0.0
2008,2005,3,8.643856189774725,0.0
2008,2011,3,30.524777047502035,0.0
2001,2012,11,10.852529509404196,0.0
1996,1996,0,29.603517745128737,29.603517745128737
1998,1998,0,102.99706327189008,102.99706327189008
1980,1988,8,0.0,0.0
1980,2009,29,0.0,0.0
1980,2008,28,0.0,0.0
2008,2008,0,24.0,24.0
1980,2012,32,0.0,0.0
2005,2005,0,47.897352853986256,47.897352853986256
1986,1986,0,20.67970000576925,20.67970000576925
1980,2002,22,0.0,0.0
1982,1982,0,19.019550008653873,19.019550008653873
1980,2012,32,0.0,0.0
1995,1995,0,167.5236165705346,167.5236165705346
1980,2012,32,0.0,0.0
1998,1997,1,21.884201081830685,12.965784284662087
1980,2009,29,0.0,0.0
1995,1995,0,8.0,8.0
2011,2013,2,10.570804437724496,0.0
2001,2001,0,103.39850002884623,103.39850002884623
1980,2004,24,0.0,0.0
2015,2015,0,20.0,20.0
1980,1988,8,0.0,0.0
1990,1990,0,12.743782540330756,12.743782540330756
1980,2008,28,0.0,0.0
1980,1996,16,0.0,0.0
1980,1989,9,0.0,0.0
1980,1995,15,0.0,0.0
1980,1996,16,0.0,0.0
1980,1981,1,0.0,0.0
1980,1994,14,0.0,0.0
2010,2010,0,11.101319154423274,11.101319154423274
2006,2007,1,50.2796645496655,0.0
1980,1993,13,0.0,0.0
2001,2001,0,66.718800023077,66.718800023077
2009,2009,0,13.176952268336281,13.176952268336281
1980,2015,35,0.0,0.0
2003,2003,0,42.569302029790826,42.569302029790826
2001,2001,0,75.20703549025747,75.20703549025747
1992,1992,0,6.0,6.0
2013,2012,1,10.918863237274595,0.0
1985,1985,0,12.0,12.0
1980,1982,2,0.0,0.0
1980,2010,30,0.0,0.0
1980,1981,1,0.0,0.0
2007,2013,6,11.61470984411521,11.229419688230417
1980,1988,8,0.0,0.0
1980,1987,7,0.0,0.0
1980,1981,1,0.0,0.0
2009,2009,0,17.569269691115043,17.569269691115043
1980,1980,0,44.91767875292167,44.91767875292167
1980,1980,0,14.339850002884626,14.339850002884626
1986,1989,3,16.67970000576925,0.0
2013,2014,1,26.353904536672562,12.679700005769249
1980,2007,27,0.0,0.0
2009,2009,0,14.264662506490405,14.264662506490405
2005,2005,0,17.999999999999996,17.999999999999996
1997,1997,0,120.0,120.0
2011,2011,0,107.17553358696372,107.17553358696372
2011,2010,1,107.17553358696372,0.0
1980,2007,27,0.0,0.0
1980,1980,0,8.0,8.0
1988,1988,0,12.0,12.0
1980,1987,7,0.0,0.0
1981,1981,0,19.019550008653873,19.019550008653873
1980,1983,3,0.0,0.0
2007,2008,1,34.266194298518435,12.262388523751017
1994,1994,0,126.8236622832523,126.8236622832523
1980,2001,21,0.0,0.0
1980,1984,4,0.0,0.0
1992,1993,1,53.77443751081734,0.0
2012,2015,3,14.457637380991763,0.0
1980,1980,0,0.0,0.0
1980,1996,16,0.0,0.0
1980,1996,16,0.0,0.0
2009,2000,9,19.8167852415475,0.0
2011,2011,0,22.844129532345622,22.844129532345622
1980,1981,1,0.0,0.0
1998,1999,1,14.573942985382718,0.0
1990,1990,0,4.0,4.0
1996,1997,1,9.509775004326936,0.0
2013,2012,1,14.101319154423276,13.287712379549449
1980,1990,10,0.0,0.0
2003,2003,0,9.28771237954945,9.28771237954945
2014,2015,1,7.754887502163467,0.0
1995,1995,0,31.019550008653873,31.019550008653873
1980,2001,21,0.0,0.0
1996,1996,0,17.101319154423276,17.101319154423276
1980,1989,9,0.0,0.0
1981,1981,0,26.575424759098897,26.575424759098897
1980,1980,0,0.0,0.0
1983,1983,0,19.019550008653873,19.019550008653873
1980,1981,1,0.0,0.0
1980,1983,3,0.0,0.0
1994,1995,1,25.266194298518435,0.0
1980,2002,22,0.0,0.0
1980,1988,8,0.0,0.0
1980,1997,17,0.0,0.0
1980,1985,5,0.0,0.0
1986,1986,0,10.339850002884624,10.339850002884624
1980,1984,4,0.0,0.0
1980,1999,19,0.0,0.0
1982,1984,2,4.459431618637297,4.0
1980,1986,6,0.0,0.0
1980,2011,31,0.0,0.0
1980,1986,6,0.0,0.0
1997,1997,0,13.287712379549449,13.287712379549449
1980,1991,11,0.0,0.0
2001,1999,2,14.573942985382718,4.0
1980,1997,17,0.0,0.0
2009,2006,3,40.35515295486763,14.339850002884626
1980,1981,1,0.0,0.0
2009,2008,1,12.258566033889933,0.0
2009,2009,0,108.77248037257513,108.77248037257513
1980,1985,5,0.0,0.0
1980,1990,10,0.0,0.0
1980,2009,29,0.0,0.0
1980,2003,23,0.0,0.0
1980,1993,13,0.0,0.0
1980,1992,12,0.0,0.0
1980,1985,5,0.0,0.0
1980,1980,0,0.0,0.0
1980,1991,11,0.0,0.0
1980,1988,8,0.0,0.0
1980,1989,9,0.0,0.0
1999,1989,10,5.491853096329675,0.0
1982,1982,0,88.75790004038474,88.75790004038474
1980,2010,30,0.0,0.0
1980,1988,8,0.0,0.0
2000,2000,0,213.21187563522588,213.21187563522588
1980,1985,5,0.0,0.0
1980,1999,19,0.0,0.0
1980,1994,14,0.0,0.0
1980,1985,5,0.0,0.0
2014,2015,1,17.264662506490406,0.0
1995,1995,0,65.25528761701588,65.25528761701588
1980,1993,13,0.0,0.0
1980,2011,31,0.0,0.0
1993,1993,0,136.0,136.0
1980,2001,21,0.0,0.0
1980,2010,30,0.0,0.0
1980,2007,27,0.0,0.0
1995,1996,1,12.0,0.0
1980,1990,10,0.0,0.0
1992,1992,0,25.019550008653873,25.019550008653873
1980,2005,25,0.0,0.0
1991,1990,1,13.570685868171037,11.422064766172811
1995,1995,0,12.679700005769249,12.679700005769249
1980,1985,5,0.0,0.0
1986,1986,0,120.0,120.0
1995,1995,0,65.39940546000543,65.39940546000543
2004,2004,0,74.97547194730012,74.97547194730012
1985,1985,0,31.25512476486815,31.25512476486815
1980,2008,28,0.0,0.0
1982,1982,0,43.01955000865388,43.01955000865388
2000,1989,11,5.614709844115208,0.0
1980,1985,5,0.0,0.0
2006,2006,0,200.75790004038473,200.75790004038473
1980,2011,31,0.0,0.0
1992,1992,0,37.19683207354911,37.19683207354911
2014,2014,0,4.0,4.0
1980,1998,18,0.0,0.0
1989,1989,0,28.679700005769252,28.679700005769252
1989,1989,0,28.679700005769252,28.679700005769252
1980,1986,6,0.0,0.0
1980,1982,2,0.0,0.0
1989,1990,1,12.78463484555752,0.0
1980,2000,20,0.0,0.0
1980,1998,18,0.0,0.0
2003,2003,0,33.3594000115385,33.3594000115385
1998,1998,0,16.349851365001356,16.349851365001356
1996,1996,0,29.603517745128737,29.603517745128737
1980,2002,22,0.0,0.0
2015,2015,0,12.0,12.0
2009,2009,0,27.101764771942058,27.101764771942058
1995,1994,1,152.94871928340788,22.56234305513109
1989,1989,0,59.207035490257475,59.207035490257475
1997,1994,3,10.75488750216347,9.28771237954945
1980,1980,0,0.0,0.0
1980,1987,7,0.0,0.0
1980,2009,29,0.0,0.0
2000,2000,0,54.75488750216347,54.75488750216347
2015,2015,0,95.09775004326937,95.09775004326937
2004,1997,7,16.67970000576925,0.0
2006,2006,0,36.0,36.0
2004,2004,0,14.801758872564369,14.801758872564369
1981,1981,0,4.0,4.0
1981,1981,0,29.603517745128737,29.603517745128737
1983,1980,3,16.349851365001356,16.0
2012,2012,0,1133.4917275855657,1133.4917275855657
2012,2012,0,1133.4917275855657,1133.4917275855657
1992,1993,1,10.378294855911891,0.0
1993,1993,0,49.04955409500407,49.04955409500407
2003,2002,1,27.2324944143632,0.0
2008,2010,2,42.82598407224475,0.0
2004,2004,0,163.5807333209761,163.5807333209761
1980,1995,15,0.0,0.0
1997,1997,0,65.01398665684614,65.01398665684614
2013,2013,0,53.51317942364756,53.51317942364756
2013,2014,1,53.51317942364756,0.0
2005,2005,0,1081.6000107728385,1081.6000107728385
1980,1980,0,0.0,0.0
1980,1981,1,0.0,0.0
1981,1981,0,12.679700005769249,12.679700005769249
1980,1999,19,0.0,0.0
1982,1982,0,103.39850002884623,103.39850002884623
1980,1991,11,0.0,0.0
2013,2013,0,651.3063419173642,651.3063419173642
2005,2006,1,64.13383752235585,25.37829485591189
1980,1990,10,0.0,0.0
1992,1991,1,5.087462841250339,0.0
1998,1998,0,138.17102751146808,138.17102751146808
1993,1993,0,27.675452949098382,27.675452949098382
1980,2008,28,0.0,0.0
2004,2005,1,125.09775004326939,0.0
2007,2007,0,46.43856189774725,46.43856189774725
2003,2003,0,176.04084678257922,176.04084678257922
1980,1982,2,0.0,0.0
1995,1995,0,152.15640006923098,152.15640006923098
1980,1982,2,0.0,0.0
2006,2006,0,19.019550008653873,19.019550008653873
1980,1999,19,0.0,0.0
1991,1991,0,28.679700005769252,28.679700005769252
1985,1985,0,43.01955000865388,43.01955000865388
1980,2000,20,0.0,0.0
2005,2005,0,32.0,32.0
1980,2011,31,0.0,0.0
2008,2007,1,74.94547212642831,0.0
1980,1997,17,0.0,0.0
1993,1993,0,37.029551370770605,37.029551370770605
2008,2008,0,32.69970273000271,32.69970273000271
2003,2003,0,42.20266908989768,42.20266908989768
1980,2013,33,0.0,0.0
2011,2013,2,63.21928094887362,12.679700005769249
1980,2014,34,0.0,0.0
1996,1996,0,65.39719492749583,65.39719492749583
1980,1996,16,0.0,0.0
1980,2009,29,0.0,0.0
1980,1989,9,0.0,0.0
1980,1988,8,0.0,0.0
1980,1994,14,0.0,0.0
1980,2001,21,0.0,0.0
2004,1995,9,50.039100017307746,0.0
1980,2005,25,0.0,0.0
2008,2008,0,25.359400011538497,25.359400011538497
1980,1987,7,0.0,0.0
2001,2001,0,13.570685868171037,13.570685868171037
1997,1996,1,6.9188632372745955,0.0
2008,2008,0,13.813781191217036,13.813781191217036
2006,2006,0,16.67970000576925,16.67970000576925
1980,1982,2,0.0,0.0
1980,1990,10,0.0,0.0
1980,2001,21,0.0,0.0
2012,2013,1,27.509775004326933,0.0
2012,2013,1,27.509775004326933,0.0
1980,1997,17,0.0,0.0
1980,2006,26,0.0,0.0
1985,1985,0,12.0,12.0
1991,1991,0,156.0,156.0
2000,1998,2,115.96593024217293,40.0
1980,2010,30,0.0,0.0
2004,2006,2,17.821437679256764,0.0
2009,2009,0,10.339850002884624,10.339850002884624
1990,1990,0,11.229419688230417,11.229419688230417
2004,2006,2,17.821437679256764,0.0
1993,1994,1,230.258593921339,8.339850002884624
1993,1993,0,142.82587818684823,142.82587818684823
1998,1998,0,47.162015360476666,47.162015360476666
1998,1999,1,47.162015360476666,8.49585502688717
1998,1999,1,47.162015360476666,8.49585502688717
1997,1997,0,56.14709844115208,56.14709844115208
1998,1998,0,154.12484339709138,154.12484339709138
1998,1998,0,154.12484339709138,154.12484339709138
1998,1998,0,154.12484339709138,154.12484339709138
1998,1998,0,154.12484339709138,154.12484339709138
1998,1998,0,154.12484339709138,154.12484339709138
1980,2015,35,0.0,0.0
1980,1988,8,0.0,0.0
1980,1984,4,0.0,0.0
2004,2004,0,40.35626950294821,40.35626950294821
1983,1983,0,10.339850002884624,10.339850002884624
1980,2007,27,0.0,0.0
1997,1997,0,6.339850002884624,6.339850002884624
1980,1980,0,0.0,0.0
2006,2006,0,224.0,224.0
2002,2002,0,269.77254752252236,269.77254752252236
2010,2010,0,12.0,12.0
1994,1994,0,32.0,32.0
1980,2005,25,0.0,0.0
2006,2006,0,42.64385618977472,42.64385618977472
1986,1986,0,13.287712379549449,13.287712379549449
1980,2015,35,0.0,0.0
1980,1989,9,0.0,0.0
2006,2006,0,11.229419688230417,11.229419688230417
1980,2013,33,0.0,0.0
1980,2012,32,0.0,0.0
1999,2000,1,10.378294855911891,0.0
2007,2002,5,5.554588851677638,0.0
2005,2005,0,8.643856189774725,8.643856189774725
1980,1993,13,0.0,0.0
1988,1989,1,9.047123912114026,8.784634845557521
1980,1993,13,0.0,0.0
2005,2005,0,22.80175887256437,22.80175887256437
1980,2002,22,0.0,0.0
2005,2007,2,10.918863237274595,0.0
2003,2003,0,34.94436251225965,34.94436251225965
1980,2007,27,0.0,0.0
1989,1988,1,9.047123912114026,0.0
1980,1999,19,0.0,0.0
1980,1984,4,0.0,0.0
2001,2003,2,6.459431618637297,0.0
1980,1985,5,0.0,0.0
1981,1980,1,6.9188632372745955,0.0
1980,1984,4,0.0,0.0
2004,2004,0,20.67970000576925,20.67970000576925
1980,1990,10,0.0,0.0
1980,1990,10,0.0,0.0
1987,1984,3,3.8073549220576037,0.0
2001,2001,0,114.11730005192324,114.11730005192324
1987,1987,0,13.837726474549191,13.837726474549191
1994,1998,4,6.459431618637297,0.0
1980,2005,25,0.0,0.0
1980,1981,1,0.0,0.0
2012,2013,1,10.754887502163468,0.0
2004,1995,9,166.79700005769246,53.968273240256664
1980,2013,33,0.0,0.0
1980,1980,0,0.0,0.0
2006,2006,0,4.0,4.0
2006,2007,1,28.170781144524767,0.0
1981,1981,0,18.5754247590989,18.5754247590989
1999,1999,0,15.229419688230415,15.229419688230415
1980,1984,4,0.0,0.0
1994,1994,0,10.339850002884624,10.339850002884624
1980,1992,12,0.0,0.0
2011,2009,2,8.339850002884624,0.0
1992,1993,1,34.266194298518435,0.0
1980,1988,8,0.0,0.0
2010,2012,2,8.519636252843213,6.339850002884624
1980,2014,34,0.0,0.0
1980,2011,31,0.0,0.0
1980,2011,31,0.0,0.0
2000,2000,0,50.732653184049695,50.732653184049695
1980,1996,16,0.0,0.0
2005,2005,0,13.287712379549449,13.287712379549449
1980,1989,9,0.0,0.0
1980,1980,0,0.0,0.0
1980,1984,4,0.0,0.0
1980,1987,7,0.0,0.0
1980,1992,12,0.0,0.0
1980,2012,32,0.0,0.0
1998,1998,0,10.339850002884624,10.339850002884624
1980,2010,30,0.0,0.0
1980,2009,29,0.0,0.0
1980,1992,12,0.0,0.0
1980,1981,1,0.0,0.0
1980,1989,9,0.0,0.0
1980,1990,10,0.0,0.0
1988,1988,0,37.281938532404894,37.281938532404894
1995,1995,0,115.74160623304405,115.74160623304405
1995,1995,0,125.10100624458252,125.10100624458252
1980,2012,32,0.0,0.0
2007,2007,0,147.404653703207,147.404653703207
1989,1989,0,10.339850002884624,10.339850002884624
1980,2010,30,0.0,0.0
1984,1982,2,10.784634845557521,0.0
2004,2015,11,4.523561956057013,0.0
1985,1985,0,31.25512476486815,31.25512476486815
1980,1986,6,0.0,0.0
1996,1996,0,12.679700005769249,12.679700005769249
1980,1986,6,0.0,0.0
2004,2004,0,57.110323830864054,57.110323830864054
2007,2007,0,61.97454630880815,61.97454630880815
1980,1986,6,0.0,0.0
1980,1984,4,0.0,0.0
1980,1984,4,0.0,0.0
1999,2000,1,11.101319154423274,0.0
1997,1997,0,37.775969302845375,37.775969302845375
1980,2011,31,0.0,0.0
2003,2003,0,12.0,12.0
1995,2001,6,5.285402218862248,0.0
2012,2011,1,17.344079140573978,13.176952268336281
1980,2009,29,0.0,0.0
1998,1999,1,26.24609471641037,0.0
1980,2005,25,0.0,0.0
1982,1982,0,13.287712379549449,13.287712379549449
1988,1988,0,11.229419688230417,11.229419688230417
1997,1998,1,8.422064766172811,0.0
1980,1982,2,0.0,0.0
1980,1984,4,0.0,0.0
2005,2005,0,120.00031020119101,120.00031020119101
1986,1986,0,8.422064766172811,8.422064766172811
1980,2001,21,0.0,0.0
2004,2013,9,21.198267571373318,13.176952268336281
1980,1999,19,0.0,0.0
1998,1998,0,11.509775004326938,11.509775004326938
2013,2013,0,16.349851365001356,16.349851365001356
1980,1991,11,0.0,0.0
1980,1991,11,0.0,0.0
2008,2010,2,15.3878490508349,0.0
1980,1995,15,0.0,0.0
2007,2007,0,27.86313713864835,27.86313713864835
1980,1992,12,0.0,0.0
2011,2012,1,42.610701478562405,0.0
2011,2012,1,42.610701478562405,0.0
1980,1992,12,0.0,0.0
2015,2015,0,86.43856189774725,86.43856189774725
1980,2012,32,0.0,0.0
2011,2014,3,9.509775004326936,3.0
1980,2009,29,0.0,0.0
2007,2007,0,13.176952268336281,13.176952268336281
1980,2011,31,0.0,0.0
1980,2009,29,0.0,0.0
1980,2002,22,0.0,0.0
1992,1992,0,25.359400011538497,25.359400011538497
1980,1989,9,0.0,0.0
1980,2008,28,0.0,0.0
1980,2012,32,0.0,0.0
1980,2012,32,0.0,0.0
1980,1987,7,0.0,0.0
2003,2002,1,7.169925001442313,0.0
2003,1991,12,10.715104009236168,0.0
2010,2009,1,8.519636252843213,0.0
2010,2009,1,25.55890875852964,0.0
1980,1986,6,0.0,0.0
1980,1998,18,0.0,0.0
2000,2000,0,25.359400011538497,25.359400011538497
1980,2006,26,0.0,0.0
1980,2012,32,0.0,0.0
1986,1986,0,9.28771237954945,9.28771237954945
1998,1998,0,25.359400011538497,25.359400011538497
1998,1998,0,25.359400011538497,25.359400011538497
1980,2002,22,0.0,0.0
2004,2004,0,68.96530602506907,68.96530602506907
1982,1983,1,35.16201536047667,0.0
2009,2013,4,25.77177398339491,12.679700005769249
2003,2003,0,161.0172760259145,161.0172760259145
1980,1984,4,0.0,0.0
1980,1991,11,0.0,0.0
1994,1994,0,15.627562382434075,15.627562382434075
2007,2008,1,28.903078026987643,18.5754247590989
1980,1988,8,0.0,0.0
1990,1990,0,33.82130888121824,33.82130888121824
1999,2000,1,8.422064766172811,0.0
1999,1999,0,8.422064766172811,8.422064766172811
2010,2010,0,17.53320043640752,17.53320043640752
1999,1999,0,8.999999999999998,8.999999999999998
1980,1997,17,0.0,0.0
1980,2002,22,0.0,0.0
1980,1998,18,0.0,0.0
1980,2008,28,0.0,0.0
1980,2008,28,0.0,0.0
1980,2002,22,0.0,0.0
1980,2007,27,0.0,0.0
1980,1980,0,0.0,0.0
1999,1999,0,38.039100017307746,38.039100017307746
1980,2000,20,0.0,0.0
2000,2000,0,29.67970000576925,29.67970000576925
1980,1995,15,0.0,0.0
1980,1986,6,0.0,0.0
1980,1986,6,0.0,0.0
2008,2008,0,39.31968882133465,39.31968882133465
1980,2011,31,0.0,0.0
2005,2006,1,111.45254855459339,27.003616557917535
1980,2005,25,0.0,0.0
2002,2002,0,22.458839376460833,22.458839376460833
1990,1990,0,20.78463484555752,20.78463484555752
1980,1994,14,0.0,0.0
1988,1988,0,15.627562382434075,15.627562382434075
1990,1991,1,12.0,11.229419688230417
1980,2001,21,0.0,0.0
1980,1981,1,0.0,0.0
1981,1981,0,33.68825906469125,33.68825906469125
2009,2014,5,7.6147098441152075,0.0
1980,1982,2,0.0,0.0
1980,1991,11,0.0,0.0
2011,2011,0,44.0,44.0
2012,2014,2,5.392317422778761,0.0
1980,1984,4,0.0,0.0
1980,2011,31,0.0,0.0
1980,2009,29,0.0,0.0
1988,1980,8,5.554588851677638,0.0
2004,2010,6,11.90839262077375,0.0
2010,2013,3,9.90839262077375,0.0
2010,2010,0,16.0,16.0
2010,2010,0,16.0,16.0
2010,2013,3,16.0,0.0
1980,2015,35,0.0,0.0
2009,2009,0,39.25512476486815,39.25512476486815
2009,2009,0,19.627562382434075,19.627562382434075
1980,1983,3,0.0,0.0
1988,1988,0,48.0,48.0
2008,2008,0,220.79171353673183,220.79171353673183
1980,1999,19,0.0,0.0
2002,2002,0,86.03910001730776,86.03910001730776
1980,1999,19,0.0,0.0
1980,1984,4,0.0,0.0
1988,1988,0,16.99171005377434,16.99171005377434
1980,1982,2,0.0,0.0
1980,1991,11,0.0,0.0
1982,1985,3,14.03677461028802,8.0
1980,1989,9,0.0,0.0
1999,2000,1,107.54887502163469,0.0
1980,2001,21,0.0,0.0
1980,1986,6,0.0,0.0
2003,2014,11,7.813781191217037,0.0
1990,1990,0,96.0,96.0
1980,1999,19,0.0,0.0
2002,2002,0,16.67970000576925,16.67970000576925
1980,2009,29,0.0,0.0
1980,2014,34,0.0,0.0
1980,1987,7,0.0,0.0
1980,2010,30,0.0,0.0
2004,2004,0,30.45883937646083,30.45883937646083
1980,2006,26,0.0,0.0
2009,2010,1,57.110323830864054,35.09506101194211
1980,1984,4,0.0,0.0
1998,1999,1,122.76339660722014,0.0
1990,1991,1,21.509775004326936,11.422064766172811
2012,2012,0,12.679700005769249,12.679700005769249
1981,1981,0,14.339850002884626,14.339850002884626
1980,1997,17,0.0,0.0
1980,1982,2,0.0,0.0
1980,1982,2,0.0,0.0
2003,2003,0,36.787165571253055,36.787165571253055
2013,2013,0,60.91767875292166,60.91767875292166
1980,1986,6,0.0,0.0
2004,1993,11,166.79700005769246,10.339850002884624
2005,2005,0,82.81070168567528,82.81070168567528
2006,2006,0,44.405276617693104,44.405276617693104
1980,2007,27,0.0,0.0
1980,1990,10,0.0,0.0
1980,1997,17,0.0,0.0
1980,1993,13,0.0,0.0
1980,1992,12,0.0,0.0
1980,1995,15,0.0,0.0
1980,1999,19,0.0,0.0
2003,2003,0,74.99497905054342,74.99497905054342
1992,1990,2,10.19598729802851,0.0
1980,2010,30,0.0,0.0
1980,1980,0,0.0,0.0
1994,1994,0,12.0,12.0
1996,1996,0,57.58583543750182,57.58583543750182
1992,1992,0,16.67970000576925,16.67970000576925
1987,1988,1,11.720671786825557,0.0
1980,2000,20,0.0,0.0
1980,1981,1,0.0,0.0
1980,2009,29,0.0,0.0
1980,1999,19,0.0,0.0
2004,2000,4,50.039100017307746,27.509775004326933
1980,2000,20,0.0,0.0
1986,1986,0,11.229419688230417,11.229419688230417
1980,1981,1,0.0,0.0
1980,1995,15,0.0,0.0
1980,1980,0,0.0,0.0
1980,1980,0,0.0,0.0
1980,1997,17,0.0,0.0
1985,1985,0,15.229419688230415,15.229419688230415
1984,1984,0,14.339850002884626,14.339850002884626
1980,1987,7,0.0,0.0
1983,1980,3,9.169925001442312,0.0
1980,1989,9,0.0,0.0
2014,2014,0,10.754887502163468,10.754887502163468
2011,2011,0,44.311681987853746,44.311681987853746
2004,2004,0,109.39293667703853,109.39293667703853
2003,2003,0,10.918863237274595,10.918863237274595
1980,1993,13,0.0,0.0
1980,1989,9,0.0,0.0
2005,2005,0,19.931568569324174,19.931568569324174
2003,2001,2,10.852529509404196,0.0
1980,1983,3,0.0,0.0
1987,1987,0,31.253642991151967,31.253642991151967
2013,2013,0,16.99171005377434,16.99171005377434
1980,1982,2,0.0,0.0
1980,2012,32,0.0,0.0
1980,1980,0,36.0,36.0
1986,1990,4,9.509775004326936,8.999999999999998
1980,1981,1,0.0,0.0
1980,2011,31,0.0,0.0
1980,1988,8,0.0,0.0
1989,1990,1,11.422064766172811,0.0
1980,1990,10,0.0,0.0
1982,1983,1,31.134884567735675,0.0
1980,1983,3,0.0,0.0
1980,1980,0,0.0,0.0
1980,1986,6,0.0,0.0
1990,1990,0,13.837726474549191,13.837726474549191
1980,2012,32,0.0,0.0
1980,2015,35,0.0,0.0
1980,1987,7,0.0,0.0
1981,1981,0,39.86313713864835,39.86313713864835
1980,1999,19,0.0,0.0
1980,1999,19,0.0,0.0
1980,1991,11,0.0,0.0
2009,2010,1,50.189475010096196,26.575424759098897
1982,1983,1,12.0,0.0
1980,2013,33,0.0,0.0
1999,1999,0,170.91948001411546,170.91948001411546
1980,1980,0,0.0,0.0
2003,2009,6,10.715104009236168,0.0
2003,2009,6,10.715104009236168,0.0
1980,1982,2,0.0,0.0
1980,1981,1,0.0,0.0
1992,1992,0,41.3594000115385,41.3594000115385
1980,1987,7,0.0,0.0
1980,1981,1,0.0,0.0
1980,1991,11,0.0,0.0
1984,1982,2,4.700439718141092,0.0
1980,1987,7,0.0,0.0
1980,1985,5,0.0,0.0
1980,2002,22,0.0,0.0
2005,2004,1,6.022367813028454,0.0
1980,1998,18,0.0,0.0
1980,1995,15,0.0,0.0
1980,1989,9,0.0,0.0
1980,1989,9,0.0,0.0
1980,1986,6,0.0,0.0
1980,1987,7,0.0,0.0
1980,2008,28,0.0,0.0
1980,1984,4,0.0,0.0
1980,1998,18,0.0,0.0
1981,1981,0,16.0,16.0
2005,2005,0,4.0,4.0
2003,2010,7,22.43106599949131,11.229419688230417
2003,2003,0,14.801758872564369,14.801758872564369
2000,2003,3,5.807354922057605,0.0
2002,2002,0,16.67970000576925,16.67970000576925
1980,2015,35,0.0,0.0
1980,2010,30,0.0,0.0
1980,1984,4,0.0,0.0
1980,2011,31,0.0,0.0
1980,1981,1,0.0,0.0
1980,1984,4,0.0,0.0
2010,2010,0,55.726274277296696,55.726274277296696
1980,2010,30,0.0,0.0
1980,1980,0,8.0,8.0
1980,2003,23,0.0,0.0
1980,2001,21,0.0,0.0
2007,2009,2,10.98370619265935,0.0
1980,1981,1,0.0,0.0
2015,2015,0,22.458839376460833,22.458839376460833
1980,2008,28,0.0,0.0
1980,2007,27,0.0,0.0
1980,1990,10,0.0,0.0
1980,2009,29,0.0,0.0
1994,1994,0,28.52932501298081,28.52932501298081
1980,1984,4,0.0,0.0
1980,2011,31,0.0,0.0
2004,2004,0,22.458839376460833,22.458839376460833
1981,1981,0,11.720671786825557,11.720671786825557
2008,2008,0,27.86313713864835,27.86313713864835
1980,1991,11,0.0,0.0
1980,1987,7,0.0,0.0
1980,2002,22,0.0,0.0
2006,2006,0,6.965784284662088,6.965784284662088
1980,1990,10,0.0,0.0
1991,1991,0,112.0,112.0
1991,1991,0,112.0,112.0
1980,2005,25,0.0,0.0
2005,2009,4,32.756589711823786,0.0
1992,1993,1,12.509775004326936,0.0
1987,1988,1,14.573942985382718,0.0
1980,2003,23,0.0,0.0
2013,2013,0,36.0,36.0
1980,2001,21,0.0,0.0
1997,1997,0,113.73835003173085,113.73835003173085
1980,2002,22,0.0,0.0
1993,1993,0,8.0,8.0
1980,2001,21,0.0,0.0
1980,1993,13,0.0,0.0
2002,2008,6,33.32753311006583,0.0
1980,2015,35,0.0,0.0
1980,1989,9,0.0,0.0
2001,2002,1,25.019550008653873,0.0
2010,2011,1,14.264662506490405,0.0
2010,2011,1,14.264662506490405,0.0
1980,2014,34,0.0,0.0
1994,1994,0,41.3594000115385,41.3594000115385
1994,1994,0,41.3594000115385,41.3594000115385
2008,2010,2,11.813781191217037,0.0
1980,1991,11,0.0,0.0
1980,2013,33,0.0,0.0
1980,1993,13,0.0,0.0
1989,1989,0,48.0,48.0
1980,1999,19,0.0,0.0
1995,1995,0,26.353904536672562,26.353904536672562
2002,2002,0,13.176952268336281,13.176952268336281
2015,2015,0,17.83772647454919,17.83772647454919
2004,2004,0,286.9939741337719,286.9939741337719
1980,1993,13,0.0,0.0
1980,1981,1,11.422064766172811,0.0
1980,1998,18,0.0,0.0
1980,2013,33,0.0,0.0
1980,2013,33,0.0,0.0
1980,2007,27,0.0,0.0
1980,1980,0,0.0,0.0
1980,2003,23,0.0,0.0
2009,2010,1,51.9963194967237,0.0
2009,2010,1,51.9963194967237,0.0
1992,1992,0,12.679700005769249,12.679700005769249
1980,1991,11,0.0,0.0
1980,1984,4,0.0,0.0
1980,1985,5,0.0,0.0
1983,1983,0,16.0,16.0
1980,2000,20,0.0,0.0
1980,2011,31,0.0,0.0
1990,1994,4,13.287712379549449,0.0
1980,1986,6,0.0,0.0
1996,1991,5,10.339850002884624,0.0
2003,2010,7,4.906890595608519,0.0
1980,2013,33,0.0,0.0
1980,2013,33,0.0,0.0
2010,2010,0,37.1508495181978,37.1508495181978
1980,1980,0,0.0,0.0
1993,1993,0,52.70780907334513,52.70780907334513
2004,2007,3,14.862588931160623,9.965784284662087
1980,1986,6,0.0,0.0
1988,1988,0,126.79700005769243,126.79700005769243
1990,1990,0,79.7262742772967,79.7262742772967
2006,2006,0,150.74413965039756,150.74413965039756
1999,2001,2,31.48756508066151,0.0
1980,1996,16,0.0,0.0
1980,1980,0,0.0,0.0
2010,2011,1,26.575424759098897,0.0
2014,2015,1,16.17695226833628,0.0
2014,2015,1,16.17695226833628,0.0
2014,2015,1,16.17695226833628,0.0
1980,2012,32,0.0,0.0
2009,2009,0,139.31568569324173,139.31568569324173
1980,2011,31,0.0,0.0
1980,1999,19,0.0,0.0
1982,1982,0,8.918863237274595,8.918863237274595
1980,1984,4,0.0,0.0
1980,1983,3,0.0,0.0
1980,1984,4,0.0,0.0
1995,1995,0,28.679700005769252,28.679700005769252
1980,1995,15,0.0,0.0
1980,2011,31,0.0,0.0
1980,1990,10,0.0,0.0
1980,1995,15,0.0,0.0
1980,1980,0,0.0,0.0
1980,1982,2,0.0,0.0
1980,1990,10,0.0,0.0
1981,1981,0,12.679700005769249,12.679700005769249
1980,1992,12,0.0,0.0
1981,1981,0,136.55602929266888,136.55602929266888
1980,1999,19,0.0,0.0
1980,1980,0,0.0,0.0
1980,1988,8,0.0,0.0
1980,2013,33,0.0,0.0
2008,2013,5,12.679700005769249,0.0
1980,2009,29,0.0,0.0
2014,2014,0,24.0,24.0
1980,1991,11,0.0,0.0
1980,1982,2,0.0,0.0
1986,1986,0,32.0,32.0
1986,1989,3,5.672425341971495,0.0
1980,1984,4,0.0,0.0
1991,1991,0,16.67970000576925,16.67970000576925
2003,2003,0,170.40360968796966,170.40360968796966
2005,2005,0,97.15961990255144,97.15961990255144
1980,1984,4,0.0,0.0
1984,1987,3,4.807354922057604,0.0
1999,1999,0,50.718800023076994,50.718800023076994
1980,2005,25,0.0,0.0
2013,2013,0,57.05865002596162,57.05865002596162
1980,2008,28,0.0,0.0
1980,2007,27,0.0,0.0
1980,2012,32,0.0,0.0
1980,2012,32,0.0,0.0
1980,2013,33,0.0,0.0
1980,2009,29,0.0,0.0
1980,1992,12,0.0,0.0
1999,1999,0,12.679700005769249,12.679700005769249
1980,2015,35,0.0,0.0
1980,1988,8,0.0,0.0
1997,1997,0,313.72281355155496,313.72281355155496
2009,2011,2,5.0,0.0
1980,1992,12,0.0,0.0
1980,2015,35,0.0,0.0
2005,2006,1,167.75658227956717,0.0
2009,2007,2,12.750078862693849,0.0
1995,1996,1,57.05865002596162,14.573942985382718
1980,1982,2,0.0,0.0
1980,1982,2,0.0,0.0
1985,1989,4,4.643856189774725,0.0
2005,2005,0,24.0,24.0
1980,2014,34,0.0,0.0
1980,1982,2,0.0,0.0
1980,1993,13,0.0,0.0
1980,1980,0,57.05865002596162,57.05865002596162
1998,1998,0,22.458839376460833,22.458839376460833
1998,1998,0,32.798689379345454,32.798689379345454
2014,2014,0,26.75658971182378,26.75658971182378
1999,2000,1,40.10879203883603,14.862588931160623
1980,1983,3,0.0,0.0
1988,1988,0,12.679700005769249,12.679700005769249
1980,2002,22,0.0,0.0
1980,1982,2,0.0,0.0
2008,2008,0,15.509775004326935,15.509775004326935
1980,2009,29,0.0,0.0
1980,1980,0,0.0,0.0
2010,2010,0,58.64791010554073,58.64791010554073
2007,2004,3,414.4492484318025,10.918863237274595
1980,2009,29,0.0,0.0
1980,2015,35,0.0,0.0
1991,1987,4,19.8167852415475,0.0
1980,1995,15,0.0,0.0
1991,1990,1,7.813781191217037,0.0
2012,2015,3,17.498670042494226,14.801758872564369
1991,1991,0,79.75724487610427,79.75724487610427
2008,2007,1,25.266194298518435,8.0
1980,1981,1,0.0,0.0
1989,1992,3,17.569269691115043,0.0
1980,2004,24,0.0,0.0
1980,1983,3,0.0,0.0
1980,1990,10,0.0,0.0
1980,1990,10,0.0,0.0
1980,1991,11,0.0,0.0
1980,1988,8,0.0,0.0
1980,1983,3,0.0,0.0
1980,1990,10,0.0,0.0
2004,2004,0,55.67256625508514,55.67256625508514
2013,2013,0,12.679700005769249,12.679700005769249
1980,2015,35,0.0,0.0
1998,1998,0,25.019550008653873,25.019550008653873
1998,1998,0,25.019550008653873,25.019550008653873
2008,2007,1,11.109177703355275,0.0
1980,1997,17,0.0,0.0
1980,1997,17,0.0,0.0
1980,1980,0,0.0,0.0
1980,1980,0,0.0,0.0
1996,1996,0,36.188495648456104,36.188495648456104
1980,1983,3,0.0,0.0
1980,1994,14,0.0,0.0
1980,2000,20,0.0,0.0
1980,2009,29,0.0,0.0
1980,2009,29,0.0,0.0
1980,1992,12,0.0,0.0
1980,1980,0,0.0,0.0
1980,2007,27,0.0,0.0
2004,1999,5,16.67970000576925,0.0
1995,1995,0,79.7262742772967,79.7262742772967
1983,1982,1,30.7756981016698,16.0
2009,2010,1,26.353904536672562,0.0
1980,1983,3,0.0,0.0
1991,1991,0,9.28771237954945,9.28771237954945
1980,1990,10,0.0,0.0
1991,1991,0,36.0,36.0
1980,2005,25,0.0,0.0
2011,2011,0,36.188495648456104,36.188495648456104
2006,2006,0,15.856206656586743,15.856206656586743
2004,2005,1,51.641579365262345,21.687771209752995
1980,1986,6,0.0,0.0
2003,2003,0,22.575424759098897,22.575424759098897
1980,2001,21,0.0,0.0
1997,1998,1,17.101319154423276,0.0
1980,2014,34,0.0,0.0
1980,1986,6,0.0,0.0
1980,2008,28,0.0,0.0
1994,1995,1,126.33097149259216,0.0
1980,1983,3,0.0,0.0
1980,1983,3,0.0,0.0
1992,1992,0,39.86313713864835,39.86313713864835
1988,1993,5,8.0,6.339850002884624
1980,1992,12,0.0,0.0
1980,2005,25,0.0,0.0
1980,1988,8,0.0,0.0
1980,1980,0,0.0,0.0
1983,1983,0,49.04955409500407,49.04955409500407
1980,2006,26,0.0,0.0
1980,1980,0,0.0,0.0
1980,1990,10,0.0,0.0
1980,1982,2,0.0,0.0
1980,1998,18,0.0,0.0
2004,2004,0,43.01955000865388,43.01955000865388
2013,2014,1,14.264662506490405,0.0
1986,1986,0,251.96374582692414,251.96374582692414
1997,1997,0,30.45883937646083,30.45883937646083
1987,1987,0,9.28771237954945,9.28771237954945
2008,2007,1,12.78463484555752,12.743782540330756
1988,1988,0,41.51317942364757,41.51317942364757
1991,1991,0,49.04955409500407,49.04955409500407
1980,1981,1,0.0,0.0
1980,1986,6,0.0,0.0
1983,1983,0,4.0,4.0
1980,2002,22,0.0,0.0
1989,1989,0,41.51317942364757,41.51317942364757
1980,1995,15,0.0,0.0
1980,1982,2,0.0,0.0
1980,2003,23,0.0,0.0
2002,2004,2,14.573942985382718,0.0
1980,1996,16,0.0,0.0
1980,1980,0,10.754887502163468,10.754887502163468
1980,1997,17,0.0,0.0
1980,1997,17,0.0,0.0
1980,1995,15,0.0,0.0
2010,2015,5,31.2567201937737,0.0
1980,2015,35,0.0,0.0
1980,2002,22,0.0,0.0
2003,2003,0,78.13781191217038,78.13781191217038
1980,1998,18,0.0,0.0
1980,1984,4,0.0,0.0
1997,1997,0,12.679700005769249,12.679700005769249
1980,1995,15,0.0,0.0
2012,2012,0,11.101319154423274,11.101319154423274
1980,1994,14,0.0,0.0
1984,1981,3,11.422064766172811,0.0
2009,2009,0,33.303957463269825,33.303957463269825
1980,1992,12,0.0,0.0
1980,1984,4,0.0,0.0
1980,1982,2,0.0,0.0
1980,1980,0,0.0,0.0
1980,1988,8,0.0,0.0
1980,1980,0,65.01398665684614,65.01398665684614
1985,1984,1,10.918863237274595,0.0
1980,1980,0,0.0,0.0
1992,1992,0,15.229419688230415,15.229419688230415
1980,1996,16,0.0,0.0
1980,1981,1,0.0,0.0
1980,1983,3,0.0,0.0
1980,1980,0,0.0,0.0
1980,1986,6,0.0,0.0
2004,2004,0,35.25512476486815,35.25512476486815
1980,1986,6,0.0,0.0
1980,1991,11,0.0,0.0
1995,1997,2,10.98370619265935,0.0
1980,2002,22,0.0,0.0
1981,1981,0,14.339850002884626,14.339850002884626
1980,1988,8,0.0,0.0
1980,1999,19,0.0,0.0
1980,2001,21,0.0,0.0
1980,1983,3,0.0,0.0
2012,2012,0,63.00488430196983,63.00488430196983
1998,2001,3,10.0,0.0
1980,1986,6,0.0,0.0
1980,1990,10,0.0,0.0
1980,2011,31,0.0,0.0
1980,1998,18,0.0,0.0
1980,1983,3,0.0,0.0
1999,1999,0,8.49585502688717,8.49585502688717
1980,2009,29,0.0,0.0
1980,1986,6,0.0,0.0
1980,1987,7,0.0,0.0
2001,2001,0,322.57932207988415,322.57932207988415
1984,1984,0,11.229419688230417,11.229419688230417
1984,1984,0,11.229419688230417,11.229419688230417
2011,2008,3,15.3878490508349,6.965784284662088
1980,1983,3,0.0,0.0
2014,2014,0,13.837726474549191,13.837726474549191
1997,1998,1,27.86313713864835,0.0
1997,1997,0,27.86313713864835,27.86313713864835
2014,2014,0,74.47238005677848,74.47238005677848
1990,1990,0,14.862588931160623,14.862588931160623
1980,2002,22,0.0,0.0
1980,1991,11,0.0,0.0
1980,1982,2,0.0,0.0
1980,2015,35,0.0,0.0
2008,2015,7,21.412992036122375,0.0
1980,1987,7,0.0,0.0
1980,1981,1,0.0,0.0
1980,2000,20,0.0,0.0
1980,2008,28,0.0,0.0
1980,1991,11,0.0,0.0
1980,1993,13,0.0,0.0
1986,1988,2,5.285402218862248,0.0
1980,2004,24,0.0,0.0
1980,1988,8,0.0,0.0
1980,2011,31,0.0,0.0
1980,2005,25,0.0,0.0
1980,1988,8,0.0,0.0
1980,1988,8,0.0,0.0
1980,1998,18,0.0,0.0
1980,2008,28,0.0,0.0
1980,1999,19,0.0,0.0
1980,1980,0,0.0,0.0
1997,1998,1,34.844129532345626,0.0
1980,1980,0,0.0,0.0
1980,1997,17,0.0,0.0
1980,1988,8,0.0,0.0
1980,2010,30,0.0,0.0
1980,2013,33,0.0,0.0
1980,2003,23,0.0,0.0
1980,1989,9,0.0,0.0
1980,1984,4,0.0,0.0
2000,2011,11,23.774437510817343,0.0
1980,1989,9,0.0,0.0
1980,1993,13,0.0,0.0
1996,1996,0,11.720671786825557,11.720671786825557
1982,1982,0,15.3878490508349,15.3878490508349
1980,1988,8,0.0,0.0
1993,1993,0,92.83087932052601,92.83087932052601
1982,1982,0,10.339850002884624,10.339850002884624
1980,1998,18,0.0,0.0
1980,1998,18,0.0,0.0
2004,2007,3,16.67970000576925,9.28771237954945
1980,1988,8,0.0,0.0
2004,2004,0,40.101764771942065,40.101764771942065
1980,1990,10,0.0,0.0
1995,1995,0,151.8717367978358,151.8717367978358
1980,2004,24,0.0,0.0
1993,1993,0,64.0,64.0
1980,1993,13,0.0,0.0
1980,1995,15,0.0,0.0
1980,1996,16,0.0,0.0
2007,2007,0,16.0,16.0
1998,1998,0,16.67970000576925,16.67970000576925
1998,1998,0,16.67970000576925,16.67970000576925
1980,1985,5,0.0,0.0
2009,2009,0,52.26619429851844,52.26619429851844
1982,1982,0,7.754887502163467,7.754887502163467
1980,1984,4,0.0,0.0
1998,1998,0,27.86313713864835,27.86313713864835
2004,2004,0,11.229419688230417,11.229419688230417
1980,1988,8,0.0,0.0
2013,2009,4,12.679700005769249,0.0
1995,1995,0,9.28771237954945,9.28771237954945
1980,1993,13,0.0,0.0
1980,1987,7,0.0,0.0
1980,2014,34,0.0,0.0
2000,2001,1,20.30455297433078,0.0
2008,2010,2,10.706496018061188,8.422064766172811
1980,1984,4,0.0,0.0
1980,1987,7,0.0,0.0
1980,1987,7,0.0,0.0
1980,1987,7,0.0,0.0
2010,2011,1,20.0,0.0
2013,2003,10,12.679700005769249,0.0
2000,2000,0,181.5209799852692,181.5209799852692
1980,1982,2,0.0,0.0
2002,2002,0,10.378294855911891,10.378294855911891
2007,2008,1,27.14137173634208,17.83772647454919
1999,2000,1,15.0,0.0
1980,2013,33,0.0,0.0
1987,1987,0,30.229419688230415,30.229419688230415
1980,1983,3,0.0,0.0
1980,1995,15,0.0,0.0
1980,1983,3,0.0,0.0
1980,1987,7,0.0,0.0
1980,2003,23,0.0,0.0
1998,1998,0,12.0,12.0
2006,2006,0,96.0,96.0
2009,2009,0,363.1963765938087,363.1963765938087
1980,1988,8,0.0,0.0
1980,2000,20,0.0,0.0
1980,1995,15,0.0,0.0
1980,1996,16,0.0,0.0
1980,1983,3,0.0,0.0
1980,1989,9,0.0,0.0
2010,2010,0,73.04955409500407,73.04955409500407
1980,2000,20,0.0,0.0
1980,1997,17,0.0,0.0
2009,2012,3,5.459431618637297,0.0
1980,1995,15,0.0,0.0
1980,2004,24,0.0,0.0
1980,1991,11,0.0,0.0
1980,2001,21,0.0,0.0
1989,1989,0,33.68825906469125,33.68825906469125
1980,1988,8,0.0,0.0
1980,1995,15,0.0,0.0
1980,2015,35,0.0,0.0
1980,2000,20,0.0,0.0
1980,1981,1,0.0,0.0
2011,2009,2,18.339850002884624,5.459431618637297
1980,2013,33,0.0,0.0
2006,2006,0,11.229419688230417,11.229419688230417
1980,1982,2,0.0,0.0
2003,2003,0,113.98103063875752,113.98103063875752
1980,1981,1,0.0,0.0
1980,2002,22,0.0,0.0
1999,1999,0,121.83535750584335,121.83535750584335
1996,1996,0,31.48756508066151,31.48756508066151
1993,1993,0,44.91767875292167,44.91767875292167
1980,2011,31,0.0,0.0
1980,1992,12,0.0,0.0
1981,1981,0,9.28771237954945,9.28771237954945
2006,2006,0,7.400879436282184,7.400879436282184
2005,2006,1,117.70485859994452,0.0
2005,2013,8,353.1145757998338,0.0
2005,2008,3,117.70485859994452,107.06496018061188
2010,2010,0,46.88268714730222,46.88268714730222
1982,1981,1,4.459431618637297,0.0
1980,2003,23,0.0,0.0
2002,2002,0,39.86313713864835,39.86313713864835
1997,1997,0,96.96622809745787,96.96622809745787
1997,1997,0,96.96622809745787,96.96622809745787
1980,1994,14,0.0,0.0
2004,2004,0,18.5754247590989,18.5754247590989
1980,1985,5,0.0,0.0
1980,1995,15,0.0,0.0
1980,1981,1,0.0,0.0
2011,2011,0,42.64385618977472,42.64385618977472
1980,2002,22,0.0,0.0
1980,2002,22,0.0,0.0
1980,1988,8,0.0,0.0
1980,1987,7,0.0,0.0
1980,1999,19,0.0,0.0
1980,2000,20,0.0,0.0
1982,1982,0,10.339850002884624,10.339850002884624
1980,1983,3,0.0,0.0
2007,2007,0,8.0,8.0
1980,1984,4,0.0,0.0
1980,2013,33,0.0,0.0
1980,2013,33,0.0,0.0
1980,1981,1,0.0,0.0
1984,1987,3,9.169925001442312,0.0
1994,1994,0,60.0,60.0
1994,1995,1,60.0,0.0
1980,2010,30,0.0,0.0
1980,1989,9,0.0,0.0
1980,1980,0,0.0,0.0
1982,1982,0,14.801758872564369,14.801758872564369
1980,1982,2,0.0,0.0
1980,2015,35,0.0,0.0
1980,1996,16,0.0,0.0
2008,2008,0,15.229419688230415,15.229419688230415
1980,1989,9,0.0,0.0
1980,1990,10,0.0,0.0
1980,2009,29,0.0,0.0
1980,2008,28,0.0,0.0
1980,1988,8,0.0,0.0
1980,1991,11,0.0,0.0
1994,1997,3,3.8073549220576037,0.0
1980,2015,35,0.0,0.0
1980,1993,13,0.0,0.0
1997,1997,0,157.73835003173087,157.73835003173087
2002,2002,0,41.3594000115385,41.3594000115385
1980,1988,8,0.0,0.0
2007,2003,4,5.321928094887362,0.0
1980,2005,25,0.0,0.0
1980,1988,8,0.0,0.0
1980,1999,19,0.0,0.0
1983,1984,1,11.101319154423274,0.0
1980,2008,28,0.0,0.0
1980,1987,7,0.0,0.0
1980,1998,18,0.0,0.0
2008,2008,0,6.339850002884624,6.339850002884624
1980,1994,14,0.0,0.0
1980,1994,14,0.0,0.0
1980,1980,0,9.28771237954945,9.28771237954945
1980,2000,20,0.0,0.0
1986,1986,0,27.675452949098382,27.675452949098382
2005,2005,0,110.12362328037224,110.12362328037224
1980,1987,7,0.0,0.0
1980,2009,29,0.0,0.0
1980,2007,27,0.0,0.0
1991,1991,0,15.229419688230415,15.229419688230415
2007,2007,0,14.801758872564369,14.801758872564369
1980,2000,20,0.0,0.0
1980,2000,20,0.0,0.0
1980,1995,15,0.0,0.0
1986,1986,0,14.339850002884626,14.339850002884626
1980,2001,21,0.0,0.0
1980,1994,14,0.0,0.0
2004,1990,14,16.67970000576925,0.0
1980,1989,9,0.0,0.0
1980,1997,17,0.0,0.0
1980,2000,20,0.0,0.0
1988,1992,4,7.813781191217037,0.0
1980,1980,0,0.0,0.0
1980,2012,32,0.0,0.0
1980,1987,7,0.0,0.0
1980,2004,24,0.0,0.0
2004,1990,14,16.67970000576925,0.0
2011,2011,0,16.67970000576925,16.67970000576925
1980,1987,7,0.0,0.0
1980,1989,9,0.0,0.0
1980,1985,5,0.0,0.0
1980,2000,20,0.0,0.0
2006,2006,0,89.0117442820181,89.0117442820181
1980,1992,12,0.0,0.0
1999,2000,1,27.459265481648373,0.0
2010,2010,0,32.0,32.0
1980,1991,11,0.0,0.0
2001,2001,0,65.17684873912755,65.17684873912755
1980,1984,4,0.0,0.0
1990,1987,3,11.422064766172811,0.0
2013,2013,0,15.229419688230415,15.229419688230415
1980,1988,8,0.0,0.0
1980,1989,9,0.0,0.0
2000,1999,1,89.87669744676538,26.575424759098897
1980,1999,19,0.0,0.0
1980,1988,8,0.0,0.0
1980,1984,4,0.0,0.0
1980,1996,16,0.0,0.0
1980,2010,30,0.0,0.0
1980,1985,5,0.0,0.0
2004,2004,0,6.339850002884624,6.339850002884624
1994,1994,0,16.0,16.0
1997,1997,0,100.88788238716907,100.88788238716907
1980,1990,10,0.0,0.0
2003,2003,0,41.51317942364757,41.51317942364757
1980,1998,18,0.0,0.0
1980,1988,8,0.0,0.0
2015,2015,0,13.287712379549449,13.287712379549449
1980,1980,0,4.0,4.0
1980,1981,1,0.0,0.0
1987,1987,0,4.169925001442312,4.169925001442312
1980,1992,12,0.0,0.0
1980,1992,12,0.0,0.0
1987,1987,0,10.339850002884624,10.339850002884624
1980,1997,17,0.0,0.0
1980,1999,19,0.0,0.0
1980,2000,20,0.0,0.0
1980,2009,29,0.0,0.0
1980,1992,12,0.0,0.0
1980,1999,19,0.0,0.0
1996,1996,0,13.287712379549449,13.287712379549449
2012,2013,1,32.606467664324995,0.0
2000,2000,0,31.019550008653873,31.019550008653873
2000,2000,0,16.0,16.0
2000,2001,1,12.965784284662087,0.0
1995,1995,0,48.0,48.0
1988,1988,0,13.287712379549449,13.287712379549449
1980,1980,0,12.0,12.0
1980,1990,10,0.0,0.0
1980,1992,12,0.0,0.0
1980,1989,9,0.0,0.0
1980,1987,7,0.0,0.0
2012,2012,0,20.46053688724556,20.46053688724556
1980,1983,3,0.0,0.0
1980,2011,31,0.0,0.0
1980,1983,3,0.0,0.0
2005,2008,3,15.229419688230415,0.0
1980,1985,5,0.0,0.0
1980,1991,11,0.0,0.0
2004,1985,19,16.67970000576925,0.0
1980,2001,21,0.0,0.0
1980,1982,2,0.0,0.0
2006,2006,0,230.9031862067748,230.9031862067748
1980,2008,28,0.0,0.0
1992,1992,0,14.264662506490405,14.264662506490405
1993,1993,0,13.176952268336281,13.176952268336281
1980,1994,14,0.0,0.0
1980,1995,15,0.0,0.0
1980,1995,15,0.0,0.0
1980,1990,10,0.0,0.0
1980,1980,0,0.0,0.0
1980,1987,7,0.0,0.0
1980,1988,8,0.0,0.0
1998,1998,0,41.264662506490396,41.264662506490396
1997,1997,0,28.679700005769252,28.679700005769252
1980,1987,7,0.0,0.0
1995,1995,0,31.96861438078777,31.96861438078777
1980,1991,11,0.0,0.0
1980,1985,5,0.0,0.0
1980,1990,10,0.0,0.0
1980,1989,9,0.0,0.0
2007,1997,10,14.801758872564369,0.0
1980,1986,6,0.0,0.0
1980,1992,12,0.0,0.0
1980,1991,11,0.0,0.0
1980,1989,9,0.0,0.0
1980,1995,15,0.0,0.0
1995,1995,0,9.28771237954945,9.28771237954945
1995,1995,0,9.28771237954945,9.28771237954945
1995,1995,0,140.01289304025335,140.01289304025335
1995,1995,0,140.01289304025335,140.01289304025335
1995,1995,0,140.01289304025335,140.01289304025335
1980,1990,10,0.0,0.0
1980,1990,10,0.0,0.0
1980,1995,15,0.0,0.0
1991,1991,0,26.575424759098897,26.575424759098897
1982,1982,0,6.339850002884624,6.339850002884624
1980,1992,12,0.0,0.0
1980,1991,11,0.0,0.0
2004,1994,10,133.437600046154,15.13318235807536
1980,1998,18,0.0,0.0
1980,1993,13,0.0,0.0
1989,1991,2,9.400879436282183,0.0
1980,1994,14,0.0,0.0
1980,1990,10,0.0,0.0
1980,2007,27,0.0,0.0
1980,1994,14,0.0,0.0
1980,1987,7,0.0,0.0
1980,1994,14,0.0,0.0
1999,1999,0,56.14709844115208,56.14709844115208
1980,1982,2,0.0,0.0
1982,1983,1,25.931568569324174,14.801758872564369
1984,1984,0,13.837726474549191,13.837726474549191
1980,2001,21,0.0,0.0
2007,2007,0,46.88268714730222,46.88268714730222
2005,2005,0,24.0,24.0
2001,2001,0,10.339850002884624,10.339850002884624
2003,2001,2,10.715104009236168,0.0
2001,2001,0,57.359400011538504,57.359400011538504
1980,1980,0,0.0,0.0
2009,2009,0,9.28771237954945,9.28771237954945
1980,1983,3,0.0,0.0
1980,1980,0,0.0,0.0
1980,1999,19,0.0,0.0
1980,2001,21,0.0,0.0
1996,1998,2,2.3219280948873626,0.0
1980,1980,0,15.627562382434075,15.627562382434075
2010,2010,0,72.0,72.0
2014,2010,4,10.4189067312579,4.0
1980,2015,35,0.0,0.0
1980,1980,0,0.0,0.0
2012,2013,1,47.85385414490091,0.0
1992,1993,1,5.20945336562895,0.0
1980,1993,13,0.0,0.0
1980,1984,4,0.0,0.0
2002,2003,1,11.422064766172811,0.0
1980,1985,5,0.0,0.0
1980,1995,15,0.0,0.0
2009,2009,0,13.176952268336281,13.176952268336281
1993,1993,0,33.3594000115385,33.3594000115385
1980,2002,22,0.0,0.0
1980,1993,13,0.0,0.0
1980,1993,13,0.0,0.0
1980,2002,22,0.0,0.0
2002,2002,0,26.575424759098897,26.575424759098897
1985,1985,0,152.21499122004107,152.21499122004107
1980,1980,0,0.0,0.0
1980,1981,1,0.0,0.0
1982,1982,0,12.0,12.0
1980,1994,14,0.0,0.0
2006,2011,5,35.67545294909838,12.679700005769249
1980,2001,21,0.0,0.0
1980,2001,21,0.0,0.0
2002,2002,0,10.339850002884624,10.339850002884624
2005,2006,1,130.78317622216056,32.69970273000271
1980,1987,7,0.0,0.0
2004,1997,7,33.3594000115385,0.0
1980,1997,17,0.0,0.0
1980,1991,11,0.0,0.0
1980,1994,14,0.0,0.0
1993,1999,6,11.954559846999834,0.0
1986,1986,0,11.229419688230417,11.229419688230417
2014,2014,0,30.0,30.0
1985,1985,0,15.229419688230415,15.229419688230415
2011,2011,0,24.74461707015771,24.74461707015771
2013,2013,0,19.856206656586743,19.856206656586743
1992,1994,2,59.30737337562887,12.0
1980,1994,14,0.0,0.0
1980,2001,21,0.0,0.0
1980,1984,4,0.0,0.0
2007,2007,0,23.441343573651114,23.441343573651114
2007,2007,0,23.441343573651114,23.441343573651114
1980,1993,13,0.0,0.0
1980,2008,28,0.0,0.0
1980,2005,25,0.0,0.0
2008,2008,0,88.75790004038474,88.75790004038474
1980,1997,17,0.0,0.0
2002,2004,2,28.202638308846552,14.438337040924322
1980,1988,8,0.0,0.0
1983,1983,0,14.801758872564369,14.801758872564369
1980,1989,9,0.0,0.0
1980,1989,9,0.0,0.0
1982,1982,0,51.89147427955945,51.89147427955945
1980,1992,12,0.0,0.0
1980,1995,15,0.0,0.0
1994,1992,2,46.529325012980806,0.0
2001,2001,0,6.965784284662088,6.965784284662088
2002,2003,1,17.498670042494226,0.0
1980,1998,18,0.0,0.0
1980,1990,10,0.0,0.0
1980,1986,6,0.0,0.0
2008,2008,0,38.27591891107373,38.27591891107373
1980,1987,7,0.0,0.0
1980,1991,11,0.0,0.0
1980,1991,11,0.0,0.0
1980,1981,1,0.0,0.0
1980,1981,1,0.0,0.0
1980,1992,12,0.0,0.0
1980,1983,3,0.0,0.0
1982,1982,0,76.14709844115208,76.14709844115208
1982,1982,0,48.0,48.0
1980,2007,27,0.0,0.0
1995,1995,0,83.58941141594504,83.58941141594504
2009,2009,0,63.39850002884624,63.39850002884624
1980,1990,10,0.0,0.0
2007,2007,0,8.0,8.0
1991,1991,0,49.04955409500407,49.04955409500407
1980,1993,13,0.0,0.0
1984,1983,1,44.59431618637297,0.0
1983,1984,1,9.169925001442312,0.0
1980,2007,27,0.0,0.0
2002,2011,9,8.49585502688717,0.0
2005,2004,1,6.6293566200796095,0.0
2002,2002,0,13.37829485591189,13.37829485591189
1996,1997,1,79.06171361001769,56.05261214874454
1999,1999,0,12.0,12.0
1980,1989,9,0.0,0.0
1980,2013,33,0.0,0.0
2010,2011,1,33.41865405719638,0.0
1980,1992,12,0.0,0.0
1980,1993,13,0.0,0.0
2001,2001,0,11.229419688230417,11.229419688230417
1980,2008,28,0.0,0.0
1980,1982,2,0.0,0.0
1980,1993,13,0.0,0.0
1980,2010,30,0.0,0.0
1980,1995,15,0.0,0.0
1980,2008,28,0.0,0.0
1980,1982,2,0.0,0.0
1980,1984,4,0.0,0.0
1982,1982,0,57.05865002596162,57.05865002596162
1980,1988,8,0.0,0.0
1996,1997,1,57.05865002596162,0.0
2008,2010,2,9.400879436282183,0.0
1980,2005,25,0.0,0.0
1980,1982,2,0.0,0.0
1980,2001,21,0.0,0.0
1986,1984,2,10.378294855911891,0.0
1986,1986,0,12.679700005769249,12.679700005769249
1987,1987,0,13.837726474549191,13.837726474549191
1980,1982,2,0.0,0.0
1980,1984,4,0.0,0.0
2005,2011,6,10.98370619265935,0.0
1980,2009,29,0.0,0.0
1980,2009,29,0.0,0.0
1990,1990,0,12.679700005769249,12.679700005769249
1980,2010,30,0.0,0.0
1980,1989,9,0.0,0.0
1980,2006,26,0.0,0.0
1980,1990,10,0.0,0.0
1999,1999,0,81.74925682500678,81.74925682500678
1980,1992,12,0.0,0.0
1980,1989,9,0.0,0.0
2004,2004,0,12.679700005769249,12.679700005769249
1980,1994,14,0.0,0.0
1980,1992,12,0.0,0.0
1980,1999,19,0.0,0.0
1980,1986,6,0.0,0.0
1980,1990,10,0.0,0.0
1980,1995,15,0.0,0.0
1980,1999,19,0.0,0.0
1980,1985,5,0.0,0.0
1980,1991,11,0.0,0.0
1980,2010,30,0.0,0.0
1980,1980,0,0.0,0.0
1998,1998,0,47.732994690748164,47.732994690748164
1980,1995,15,0.0,0.0
1980,1982,2,0.0,0.0
2006,2006,0,12.679700005769249,12.679700005769249
2006,2006,0,12.679700005769249,12.679700005769249
1980,2001,21,0.0,0.0
2003,2003,0,16.349851365001356,16.349851365001356
1980,2007,27,0.0,0.0
1980,1996,16,0.0,0.0
2002,2003,1,26.61895270768221,0.0
1989,1989,0,774.3519001557704,774.3519001557704
1981,1984,3,6.9188632372745955,0.0
1996,1998,2,15.856206656586743,12.0
2004,2008,4,4.643856189774725,0.0
2011,2010,1,17.264662506490406,15.62836009688685
2009,2010,1,4.0,0.0
1990,1990,0,85.83671966625711,85.83671966625711
1983,1983,0,9.965784284662087,9.965784284662087
2004,2004,0,8.0,8.0
1980,1980,0,26.575424759098897,26.575424759098897
2004,2003,1,94.19088636388479,0.0
1980,1988,8,0.0,0.0
2004,2003,1,16.67970000576925,8.0
2008,2008,0,16.0,16.0
1980,1997,17,0.0,0.0
1980,2004,24,0.0,0.0
1987,1987,0,62.03910001730775,62.03910001730775
1980,1992,12,0.0,0.0
1980,1989,9,0.0,0.0
2010,2010,0,99.0839262077375,99.0839262077375
1980,1985,5,0.0,0.0
2004,2004,0,48.487152573814555,48.487152573814555
1980,1985,5,0.0,0.0
1980,1981,1,0.0,0.0
2008,2008,0,131.72048267490734,131.72048267490734
1980,1992,12,0.0,0.0
1981,1981,0,8.0,8.0
2011,2011,0,33.029551370770605,33.029551370770605
1980,2002,22,0.0,0.0
1994,1995,1,5.459431618637297,0.0
1996,1996,0,11.229419688230417,11.229419688230417
1983,1984,1,8.422064766172811,0.0
1994,1993,1,75.42482662634697,0.0
1995,1993,2,4.247927513443585,0.0
2003,2003,0,60.91767875292166,60.91767875292166
1980,1987,7,0.0,0.0
1987,1986,1,15.229419688230415,0.0
1980,1981,1,0.0,0.0
1980,1989,9,0.0,0.0
1988,1988,0,6.339850002884624,6.339850002884624
1980,2005,25,0.0,0.0
2003,2000,3,5.285402218862248,0.0
2008,2008,0,33.98342010754868,33.98342010754868
1980,2000,20,0.0,0.0
1985,1988,3,26.756589711823786,0.0
1994,1994,0,26.575424759098897,26.575424759098897
1984,1984,0,15.627562382434075,15.627562382434075
1993,1993,0,17.569269691115043,17.569269691115043
1980,2010,30,0.0,0.0
1980,1992,12,0.0,0.0
1993,1993,0,767.2662002653858,767.2662002653858
1996,1996,0,99.63357048309501,99.63357048309501
1996,1996,0,60.0,60.0
1985,1983,2,31.019550008653873,8.0
1998,1998,0,102.7985828955553,102.7985828955553
1980,2005,25,0.0,0.0
1980,2005,25,0.0,0.0
1998,1998,0,335.0472331410691,335.0472331410691
2011,2012,1,39.73219939258445,0.0
1980,1980,0,0.0,0.0
1980,2008,28,0.0,0.0
2003,2003,0,66.44137828653288,66.44137828653288
1980,2003,23,0.0,0.0
1980,2011,31,0.0,0.0
1980,1985,5,0.0,0.0
1985,1985,0,12.0,12.0
1980,2006,26,0.0,0.0
2004,2004,0,56.56861996976023,56.56861996976023
2006,2014,8,7.400879436282184,0.0
1980,1983,3,0.0,0.0
1980,1997,17,0.0,0.0
1980,1986,6,0.0,0.0
1980,1998,18,0.0,0.0
1996,1996,0,60.0,60.0
2006,2006,0,14.573942985382718,14.573942985382718
2001,2001,0,15.627562382434075,15.627562382434075
1990,1992,2,14.862588931160623,0.0
1980,1986,6,0.0,0.0
1980,1981,1,0.0,0.0
1980,1983,3,0.0,0.0
1980,1980,0,0.0,0.0
1986,1987,1,14.422064766172811,0.0
1980,1987,7,0.0,0.0
1982,1982,0,55.726274277296696,55.726274277296696
1983,1983,0,155.58941141594505,155.58941141594505
1986,1984,2,4.459431618637297,0.0
1999,1999,0,30.313285763538218,30.313285763538218
1980,1991,11,0.0,0.0
1980,1981,1,0.0,0.0
2006,2007,1,38.89735285398626,0.0
1980,2000,20,0.0,0.0
1980,2011,31,0.0,0.0
1980,2013,33,0.0,0.0
2010,2009,1,32.557588528212584,12.679700005769249
1987,1991,4,4.584962500721156,0.0
1980,1989,9,0.0,0.0
1980,2010,30,0.0,0.0
1983,1983,0,13.837726474549191,13.837726474549191
1998,2000,2,58.882687147302214,0.0
1980,1983,3,0.0,0.0
1980,1998,18,0.0,0.0
1980,1990,10,0.0,0.0
1980,1991,11,0.0,0.0
1988,1988,0,44.91767875292167,44.91767875292167
1993,1993,0,66.31789428141404,66.31789428141404
1980,2014,34,0.0,0.0
2000,2001,1,68.77443751081734,0.0
1980,2011,31,0.0,0.0
2009,2009,0,20.67970000576925,20.67970000576925
2013,2013,0,33.303957463269825,33.303957463269825
1980,1988,8,0.0,0.0
2001,2001,0,27.675452949098382,27.675452949098382
1980,1981,1,0.0,0.0
1984,1984,0,13.287712379549449,13.287712379549449
1983,1983,0,14.801758872564369,14.801758872564369
1991,1991,0,52.67970000576925,52.67970000576925
1987,1987,0,106.13383752235586,106.13383752235586
1998,1998,0,31.25512476486815,31.25512476486815
1998,1998,0,31.25512476486815,31.25512476486815
1997,1998,1,61.30376252379816,0.0
1980,1999,19,0.0,0.0
1999,1999,0,11.2940463132715,11.2940463132715
1980,1996,16,0.0,0.0
1991,1994,3,17.124484848442144,16.0
1992,1996,4,4.584962500721156,0.0
1980,2009,29,0.0,0.0
2001,2001,0,31.48756508066151,31.48756508066151
2003,2003,0,16.349851365001356,16.349851365001356
2004,1980,24,33.3594000115385,0.0
2006,2006,0,47.250504443493746,47.250504443493746
1990,1993,3,8.643856189774725,0.0
1980,2000,20,0.0,0.0
1980,1982,2,0.0,0.0
1980,1980,0,31.69925001442312,31.69925001442312
1985,1983,2,6.643856189774724,0.0
2005,2005,0,31.25512476486815,31.25512476486815
1980,2000,20,0.0,0.0
1980,2004,24,0.0,0.0
1980,1984,4,0.0,0.0
1980,2009,29,0.0,0.0
1980,1981,1,0.0,0.0
1993,1989,4,5.954196310386875,0.0
1994,1997,3,9.813781191217037,0.0
1980,1989,9,0.0,0.0
1980,1989,9,0.0,0.0
1980,2008,28,0.0,0.0
1980,2007,27,0.0,0.0
1980,1987,7,0.0,0.0
1999,1999,0,16.67970000576925,16.67970000576925
1980,1981,1,0.0,0.0
1980,1986,6,0.0,0.0
1980,2001,21,0.0,0.0
1982,1982,0,3.5849625007211565,3.5849625007211565
1980,1983,3,0.0,0.0
1980,1991,11,0.0,0.0
1980,1980,0,0.0,0.0
2012,2013,1,31.833074391922054,0.0
1996,1997,1,4.523561956057013,0.0
1980,1997,17,0.0,0.0
2001,2001,0,129.27096521068663,129.27096521068663
1980,1982,2,0.0,0.0
1980,1989,9,0.0,0.0
1980,1987,7,0.0,0.0
1980,2001,21,0.0,0.0
2009,2009,0,927.3016300523561,927.3016300523561
1980,1992,12,0.0,0.0
1980,1987,7,0.0,0.0
1999,1999,0,285.0771902762546,285.0771902762546
1980,1985,5,0.0,0.0
1988,1987,1,8.174925682500678,0.0
1980,1980,0,0.0,0.0
1980,1990,10,0.0,0.0
1980,2011,31,0.0,0.0
1980,2011,31,0.0,0.0
2014,2015,1,29.147885970765437,0.0
1996,1996,0,16.67970000576925,16.67970000576925
2002,2002,0,12.743782540330756,12.743782540330756
1980,1983,3,0.0,0.0
1990,1990,0,27.675452949098382,27.675452949098382
1981,1980,1,9.509775004326936,0.0
1980,1994,14,0.0,0.0
1980,2010,30,0.0,0.0
1981,1981,0,18.339850002884624,18.339850002884624
1992,1992,0,13.837726474549191,13.837726474549191
1980,1996,16,0.0,0.0
2004,2004,0,118.36643362251003,118.36643362251003
1980,2006,26,0.0,0.0
1999,1999,0,93.40319260716207,93.40319260716207
1986,1987,1,11.720671786825557,10.339850002884624
1980,1980,0,0.0,0.0
1980,1984,4,0.0,0.0
1980,1986,6,0.0,0.0
1980,1990,10,0.0,0.0
2008,2011,3,27.280715849660748,0.0
1980,2015,35,0.0,0.0
1982,1982,0,8.0,8.0
1980,1981,1,0.0,0.0
1980,1995,15,0.0,0.0
1989,1991,2,65.80615605397529,0.0
2011,2011,0,51.69925001442312,51.69925001442312
1993,1994,1,9.509775004326936,0.0
1980,1983,3,0.0,0.0
1993,1994,1,9.509775004326936,0.0
1980,1982,2,0.0,0.0
1992,1992,0,134.4878167322589,134.4878167322589
1980,1984,4,0.0,0.0
1980,1984,4,0.0,0.0
1992,1992,0,14.264662506490405,14.264662506490405
1987,1987,0,43.01955000865388,43.01955000865388
2006,2009,3,7.400879436282184,0.0
1980,1982,2,0.0,0.0
1998,1999,1,12.965784284662087,0.0
1986,1986,0,11.229419688230417,11.229419688230417
2001,2000,1,6.20945336562895,0.0
2013,2015,2,17.183761363689595,0.0
1984,1985,1,11.101319154423274,0.0
2006,2008,2,9.047123912114026,0.0
1980,2010,30,0.0,0.0
1990,1990,0,31.25512476486815,31.25512476486815
1980,2002,22,0.0,0.0
1987,1985,2,8.784634845557521,0.0
1996,1996,0,30.45883937646083,30.45883937646083
1980,2011,31,0.0,0.0
2005,2005,0,72.37699129691221,72.37699129691221
1996,2004,8,18.800359622084702,0.0
1980,1991,11,0.0,0.0
2002,1997,5,11.861474675125773,4.0
1980,1992,12,0.0,0.0
1981,1982,1,10.378294855911891,0.0
1980,2000,20,0.0,0.0
1990,1991,1,11.720671786825557,0.0
1980,1985,5,0.0,0.0
1986,1985,1,9.28771237954945,0.0
2002,2000,2,11.861474675125773,0.0
1980,1989,9,0.0,0.0
1981,1981,0,14.339850002884626,14.339850002884626
1989,1990,1,12.0,0.0
1996,1996,0,45.6429573624023,45.6429573624023
2010,2011,1,28.70850218108982,27.626680834932536
2010,2011,1,28.70850218108982,27.626680834932536
1980,1982,2,14.101319154423276,10.339850002884624
2008,2009,1,125.95026032264605,32.35390453667256
1980,2008,28,0.0,0.0
1980,1992,12,0.0,0.0
2000,2000,0,9.965784284662087,9.965784284662087
2013,2013,0,20.349851365001356,20.349851365001356
1980,1983,3,0.0,0.0
1980,1988,8,0.0,0.0
1980,2008,28,0.0,0.0
1980,1993,13,0.0,0.0
2002,2002,0,50.039100017307746,50.039100017307746
1980,1988,8,0.0,0.0
1980,1990,10,0.0,0.0
2004,2009,5,40.367522727379196,0.0
1988,1988,0,14.801758872564369,14.801758872564369
1980,1991,11,0.0,0.0
2004,2004,0,219.72200750076993,219.72200750076993
1980,1981,1,0.0,0.0
1980,1981,1,0.0,0.0
1980,2008,28,0.0,0.0
2001,1996,5,19.534452978042594,0.0
1992,1992,0,14.801758872564369,14.801758872564369
1980,2005,25,0.0,0.0
1980,1981,1,0.0,0.0
1998,1998,0,24.0,24.0
1980,1991,11,0.0,0.0
1980,2010,30,0.0,0.0
1980,2010,30,0.0,0.0
1992,1987,5,6.0,0.0
1980,1991,11,0.0,0.0
1980,1992,12,0.0,0.0
1980,1992,12,0.0,0.0
1980,1991,11,0.0,0.0
1980,2005,25,0.0,0.0
2004,2005,1,89.38553166956756,0.0
1980,1984,4,0.0,0.0
1980,1991,11,0.0,0.0
1980,2006,26,0.0,0.0
1980,1992,12,0.0,0.0
1980,1990,10,0.0,0.0
2003,2011,8,10.715104009236168,0.0
1980,1981,1,13.176952268336281,0.0
1989,1989,0,43.01955000865388,43.01955000865388
1980,1992,12,0.0,0.0
1980,1996,16,0.0,0.0
1991,1992,1,13.176952268336281,0.0
1980,1980,0,0.0,0.0
1980,1982,2,0.0,0.0
1995,1995,0,115.12721259098232,115.12721259098232
1993,1994,1,43.098966642737444,0.0
1980,1987,7,0.0,0.0
1986,1987,1,12.0,0.0
1980,1982,2,0.0,0.0
1985,1985,0,54.02295442797451,54.02295442797451
2009,2008,1,16.570685868171037,0.0
1980,1982,2,0.0,0.0
1996,1996,0,82.5293250129808,82.5293250129808
2015,2015,0,15.627562382434075,15.627562382434075
1980,1992,12,0.0,0.0
1989,1990,1,17.999999999999996,0.0
1982,1982,0,28.679700005769252,28.679700005769252
2008,2008,0,46.70649601806119,46.70649601806119
1980,1981,1,0.0,0.0
1986,1986,0,7.400879436282184,7.400879436282184
2009,2010,1,15.0,0.0
1980,1983,3,0.0,0.0
1980,1980,0,0.0,0.0
1980,1990,10,0.0,0.0
1999,2006,7,4.087462841250339,0.0
1988,1986,2,31.93156856932417,0.0
1988,1989,1,42.575424759098894,0.0
2009,2009,0,10.339850002884624,10.339850002884624
1980,1988,8,0.0,0.0
1980,1987,7,0.0,0.0
1995,1995,0,15.262388523751017,15.262388523751017
1980,1987,7,0.0,0.0
2007,2007,0,242.2114347632346,242.2114347632346
1999,1999,0,39.25512476486815,39.25512476486815
1980,1988,8,0.0,0.0
1980,1980,0,17.83772647454919,17.83772647454919
1980,2014,34,0.0,0.0
2011,2009,2,8.194756854422248,0.0
1980,1981,1,0.0,0.0
1980,1983,3,0.0,0.0
1980,1998,18,0.0,0.0
1991,1991,0,112.29419688230419,112.29419688230419
1980,2000,20,0.0,0.0
1990,1990,0,9.28771237954945,9.28771237954945
1980,2012,32,0.0,0.0
1980,2013,33,0.0,0.0
1992,1992,0,32.0,32.0
1980,1989,9,0.0,0.0
2004,1996,8,33.3594000115385,0.0
1980,1988,8,0.0,0.0
1980,1991,11,0.0,0.0
1980,2011,31,0.0,0.0
2007,2009,2,13.22204015786482,0.0
1980,1988,8,0.0,0.0
1990,1990,0,30.45883937646083,30.45883937646083
1993,1993,0,28.80935183346422,28.80935183346422
2003,2010,7,32.1453120277085,0.0
1980,1997,17,0.0,0.0
2009,2009,0,25.359400011538497,25.359400011538497
1988,1988,0,12.509775004326936,12.509775004326936
2008,2008,0,500.1684502221167,500.1684502221167
1980,2000,20,0.0,0.0
2005,2005,0,69.30448071229947,69.30448071229947
2010,2010,0,17.614709844115207,17.614709844115207
1985,1986,1,36.787165571253055,0.0
2001,2006,5,11.715961990255144,6.643856189774724
2014,2014,0,23.284653697333432,23.284653697333432
1980,2006,26,0.0,0.0
1987,1987,0,480.0,480.0
1987,1987,0,59.207035490257475,59.207035490257475
2014,2014,0,28.679700005769252,28.679700005769252
1990,1990,0,111.45254855459338,111.45254855459338
2005,2005,0,1300.5056066027414,1300.5056066027414
1980,1980,0,0.0,0.0
1980,1996,16,0.0,0.0
1980,1980,0,0.0,0.0
2005,2005,0,11.229419688230417,11.229419688230417
1980,1980,0,0.0,0.0
1980,1981,1,0.0,0.0
1980,1983,3,0.0,0.0
2001,2001,0,425.0961354900355,425.0961354900355
1980,1986,6,0.0,0.0
2005,2006,1,843.0249669347094,684.7613855554736
1990,1990,0,386.7308501759623,386.7308501759623
1980,1987,7,0.0,0.0
1980,1980,0,12.679700005769249,12.679700005769249
2002,2003,1,28.202638308846552,0.0
2002,2011,9,28.202638308846552,0.0
1999,1999,0,18.5754247590989,18.5754247590989
1980,2006,26,0.0,0.0
1980,2007,27,0.0,0.0
1980,2011,31,0.0,0.0
1980,1999,19,0.0,0.0
2008,2008,0,13.287712379549449,13.287712379549449
1996,1996,0,57.688259064691245,57.688259064691245
1980,2007,27,0.0,0.0
1980,1997,17,0.0,0.0
1980,1980,0,0.0,0.0
2014,2014,0,152.11189131282765,152.11189131282765
1980,1980,0,0.0,0.0
1980,1998,18,0.0,0.0
1980,1993,13,0.0,0.0
1983,1983,0,44.405276617693104,44.405276617693104
1980,1985,5,0.0,0.0
1980,2001,21,0.0,0.0
1980,2015,35,0.0,0.0
1980,1989,9,0.0,0.0
1985,1985,0,14.422064766172811,14.422064766172811
1980,1992,12,0.0,0.0
1981,1982,1,12.0,0.0
2004,2004,0,186.25344498107825,186.25344498107825
1980,2007,27,0.0,0.0
1980,2015,35,0.0,0.0
1980,1987,7,0.0,0.0
1980,2009,29,0.0,0.0
1980,2010,30,0.0,0.0
2005,2006,1,63.050717367781175,36.188495648456104
1980,2000,20,0.0,0.0
1980,1991,11,0.0,0.0
1980,1982,2,0.0,0.0
2004,2004,0,17.569269691115043,17.569269691115043
1980,1989,9,0.0,0.0
1980,1989,9,0.0,0.0
1984,1984,0,38.039100017307746,38.039100017307746
1980,1984,4,0.0,0.0
1980,2014,34,0.0,0.0
1980,2006,26,0.0,0.0
2008,2008,0,32.11948805418356,32.11948805418356
2013,1984,29,25.359400011538497,0.0
1996,1997,1,13.37829485591189,0.0
1980,2013,33,0.0,0.0
1980,1984,4,0.0,0.0
2012,2012,0,18.5754247590989,18.5754247590989
1980,1999,19,0.0,0.0
1987,1987,0,28.679700005769252,28.679700005769252
1980,2000,20,0.0,0.0
1980,1989,9,0.0,0.0
1995,1995,0,98.13781191217038,98.13781191217038
2013,2014,1,5.247927513443585,0.0
1980,1985,5,0.0,0.0
1980,1982,2,0.0,0.0
2014,2014,0,19.8167852415475,19.8167852415475
2014,2014,0,97.54448116358866,97.54448116358866
1980,2007,27,0.0,0.0
1997,1997,0,13.837726474549191,13.837726474549191
1980,2008,28,0.0,0.0
2008,2008,0,15.3878490508349,15.3878490508349
1994,1994,0,4.0,4.0
1980,1982,2,0.0,0.0
1980,1980,0,0.0,0.0
1980,1980,0,10.339850002884624,10.339850002884624
1980,1995,15,0.0,0.0
1980,1995,15,0.0,0.0
1980,1987,7,0.0,0.0
1980,1980,0,0.0,0.0
2001,2001,0,42.82017859296464,42.82017859296464
1997,1997,0,76.14709844115208,76.14709844115208
1980,2011,31,0.0,0.0
1980,2005,25,0.0,0.0
1980,1982,2,0.0,0.0
1980,1980,0,0.0,0.0
2005,2005,0,34.85698207066449,34.85698207066449
2004,2004,0,13.4558409091264,13.4558409091264
1980,1998,18,0.0,0.0
1980,2005,25,0.0,0.0
2012,2012,0,13.570685868171037,13.570685868171037
1980,1981,1,0.0,0.0
1980,1980,0,0.0,0.0
1993,1993,0,52.85462568826993,52.85462568826993
1980,1980,0,16.0,16.0
1980,1982,2,0.0,0.0
1980,1980,0,29.603517745128737,29.603517745128737
1980,1991,11,0.0,0.0
1980,1991,11,0.0,0.0
1980,1982,2,0.0,0.0
1980,1984,4,0.0,0.0
1989,1989,0,4.0,4.0
2006,2006,0,10.339850002884624,10.339850002884624
1980,2004,24,0.0,0.0
1980,1991,11,0.0,0.0
1980,1983,3,0.0,0.0
2004,2004,0,31.019550008653873,31.019550008653873
2003,2003,0,114.19751240061113,114.19751240061113
2004,2004,0,32.0,32.0
1980,1982,2,0.0,0.0
2000,2000,0,17.569269691115043,17.569269691115043
1980,1992,12,0.0,0.0
1980,1980,0,0.0,0.0
1980,2012,32,0.0,0.0
2004,2004,0,44.18275507284851,44.18275507284851
2004,2004,0,44.18275507284851,44.18275507284851
1986,1986,0,15.627562382434075,15.627562382434075
1984,1984,0,31.25512476486815,31.25512476486815
1980,1983,3,0.0,0.0
1980,1987,7,0.0,0.0
1980,1981,1,0.0,0.0
1980,1982,2,0.0,0.0
1980,1984,4,0.0,0.0
1980,1996,16,0.0,0.0
1996,1996,0,72.37895002019238,72.37895002019238
1998,1998,0,100.07820003461549,100.07820003461549
1998,1998,0,100.07820003461549,100.07820003461549
2005,2006,1,19.149072285871647,0.0
1980,1984,4,0.0,0.0
1980,1991,11,0.0,0.0
1980,1987,7,0.0,0.0
1987,1987,0,22.101319154423276,22.101319154423276
2004,1994,10,83.39850002884624,0.0
2008,2008,0,20.67970000576925,20.67970000576925
1980,2004,24,0.0,0.0
2003,2014,11,5.882643049361842,0.0
2004,2010,6,78.83826729997139,0.0
1980,2015,35,0.0,0.0
2000,2000,0,13.837726474549191,13.837726474549191
1989,1989,0,8.0,8.0
1980,1991,11,0.0,0.0
1990,1990,0,18.5754247590989,18.5754247590989
1980,1987,7,0.0,0.0
1983,1983,0,24.0,24.0
1980,1994,14,0.0,0.0
1980,2010,30,0.0,0.0
1980,1991,11,0.0,0.0
1980,2008,28,0.0,0.0
1986,1986,0,14.573942985382718,14.573942985382718
1985,1985,0,13.287712379549449,13.287712379549449
2006,2006,0,13.837726474549191,13.837726474549191
1980,1992,12,0.0,0.0
1980,2014,34,0.0,0.0
1980,2007,27,0.0,0.0
2014,2014,0,49.32687624437101,49.32687624437101
1980,2003,23,0.0,0.0
1980,2001,21,0.0,0.0
1980,1992,12,0.0,0.0
1992,1998,6,3.4594316186372978,0.0
1980,1987,7,0.0,0.0
1980,2008,28,0.0,0.0
1980,2011,31,0.0,0.0
2011,2011,0,137.84747676896592,137.84747676896592
2010,2005,5,318.9050971091869,67.29597360883355
1980,2012,32,0.0,0.0
1994,2006,12,5.832890014164742,0.0
1980,1984,4,0.0,0.0
2001,2002,1,40.13488456773567,0.0
2003,2007,4,5.614709844115208,0.0
2007,2010,3,82.33247434435611,55.019550008653866
2003,2003,0,27.86313713864835,27.86313713864835
1980,2010,30,0.0,0.0
1986,1989,3,4.807354922057604,0.0
1986,1986,0,13.287712379549449,13.287712379549449
2003,2003,0,15.627562382434075,15.627562382434075
1985,1985,0,36.0,36.0
1984,1984,0,24.0,24.0
1994,1996,2,6.643856189774724,0.0
2003,2003,0,201.88934654260396,201.88934654260396
2002,2002,0,12.509775004326936,12.509775004326936
1980,2015,35,0.0,0.0
2000,2011,11,9.509775004326936,0.0
1980,1986,6,0.0,0.0
1980,1986,6,0.0,0.0
2007,2007,0,18.5754247590989,18.5754247590989
2007,2007,0,10.339850002884624,10.339850002884624
2002,1985,17,5.754887502163469,0.0
2005,2005,0,55.726274277296696,55.726274277296696
1980,2005,25,0.0,0.0
1980,2005,25,0.0,0.0
1980,2008,28,0.0,0.0
2010,2010,0,53.52356195605701,53.52356195605701
1980,1991,11,0.0,0.0
1991,1994,3,5.044394119358453,0.0
2009,2007,2,12.088788238716907,0.0
1980,2014,34,0.0,0.0
1980,2006,26,0.0,0.0
2000,2001,1,41.513179423647564,0.0
1995,1995,0,45.43491730449168,45.43491730449168
1980,2010,30,0.0,0.0
1980,2005,25,0.0,0.0
1980,1989,9,0.0,0.0
1988,1993,5,8.0,0.0
2012,2013,1,10.378294855911891,0.0
1982,1985,3,8.643856189774725,0.0
1980,1982,2,0.0,0.0
2009,2013,4,4.0,0.0
1999,1999,0,18.5754247590989,18.5754247590989
1994,1989,5,10.339850002884624,0.0
1980,1980,0,0.0,0.0
1980,1989,9,0.0,0.0
1980,1987,7,0.0,0.0
1980,2011,31,0.0,0.0
1999,1999,0,51.69925001442312,51.69925001442312
1980,1992,12,0.0,0.0
2006,2004,2,17.017276025914484,11.229419688230417
1983,1983,0,16.99171005377434,16.99171005377434
2012,2013,1,13.931568569324176,0.0
2012,2013,1,13.931568569324176,0.0
2012,2013,1,8.999999999999998,0.0
1983,1983,0,12.679700005769249,12.679700005769249
1980,2015,35,0.0,0.0
1980,1988,8,0.0,0.0
1992,1992,0,17.28771237954945,17.28771237954945
1980,1992,12,0.0,0.0
1980,1980,0,0.0,0.0
1980,1985,5,0.0,0.0
1980,1991,11,0.0,0.0
1980,1986,6,0.0,0.0
1980,2010,30,0.0,0.0
2004,2005,1,38.23134762099227,0.0
1980,1988,8,0.0,0.0
2011,2012,1,19.229419688230415,0.0
1980,1986,6,0.0,0.0
1980,2012,32,0.0,0.0
2008,2008,0,42.793987519471216,42.793987519471216
1984,1984,0,11.229419688230417,11.229419688230417
2001,2001,0,36.49549837177682,36.49549837177682
1999,1999,0,86.97547194730011,86.97547194730011
1980,1987,7,0.0,0.0
1980,1993,13,0.0,0.0
2002,2002,0,11.720671786825557,11.720671786825557
1980,1981,1,0.0,0.0
1986,1987,1,12.965784284662087,0.0
1980,1981,1,0.0,0.0
1985,1986,1,19.42206476617281,0.0
1980,1994,14,0.0,0.0
2004,2006,2,11.422064766172811,4.0
1980,1989,9,0.0,0.0
1980,1981,1,0.0,0.0
2013,2010,3,41.794705707972525,0.0
2008,2015,7,20.344079140573978,0.0
1980,2013,33,0.0,0.0
1980,2012,32,0.0,0.0
2003,2004,1,10.918863237274595,0.0
2004,2004,0,11.700439718141093,11.700439718141093
2008,2008,0,31.25512476486815,31.25512476486815
2008,2008,0,87.92957557059918,87.92957557059918
1980,1998,18,0.0,0.0
2008,2013,5,34.86340833982392,0.0
2004,2006,2,4.906890595608519,0.0
1980,2005,25,0.0,0.0
1999,1999,0,6.339850002884624,6.339850002884624
1980,2015,35,0.0,0.0
1980,1980,0,0.0,0.0
1980,2005,25,0.0,0.0
1980,1985,5,0.0,0.0
1980,1981,1,0.0,0.0
1980,2015,35,0.0,0.0
2012,2011,1,13.754887502163466,0.0
2001,2002,1,13.931568569324176,12.0
1980,1980,0,15.229419688230415,15.229419688230415
2011,2011,0,19.019550008653873,19.019550008653873
1980,1988,8,0.0,0.0
1997,1997,0,41.324189531954296,41.324189531954296
1988,1988,0,9.28771237954945,9.28771237954945
1980,2005,25,0.0,0.0
1980,1980,0,0.0,0.0
2004,2008,4,16.67970000576925,0.0
1998,1998,0,14.04473562605691,14.04473562605691
1980,1980,0,0.0,0.0
1987,1987,0,45.688259064691245,45.688259064691245
1983,1983,0,8.0,8.0
1993,1993,0,155.58941141594505,155.58941141594505
1980,1998,18,0.0,0.0
1980,1980,0,0.0,0.0
2005,2005,0,179.89435505573337,179.89435505573337
2004,2004,0,13.570685868171037,13.570685868171037
1980,2015,35,0.0,0.0
2010,2010,0,27.86313713864835,27.86313713864835
2002,2002,0,104.10012505500009,104.10012505500009
1994,1994,0,237.76372759421298,237.76372759421298
1980,2011,31,0.0,0.0
1991,1991,0,15.627562382434075,15.627562382434075
1980,1980,0,10.339850002884624,10.339850002884624
1990,1987,3,11.229419688230417,0.0
1980,1980,0,0.0,0.0
1980,1985,5,0.0,0.0
2006,2007,1,8.0,0.0
1980,1999,19,0.0,0.0
1988,1988,0,13.837726474549191,13.837726474549191
1980,1989,9,0.0,0.0
1980,2007,27,0.0,0.0
1980,2009,29,0.0,0.0
2005,2005,0,4.0,4.0
2008,2011,3,21.690202210720535,19.019550008653873
1996,1996,0,26.59699044867349,26.59699044867349
1980,2006,26,0.0,0.0
1980,2001,21,0.0,0.0
1980,1981,1,0.0,0.0
1980,1986,6,0.0,0.0
1980,1990,10,0.0,0.0
1980,1991,11,0.0,0.0
2003,2003,0,12.0,12.0
1980,2002,22,0.0,0.0
1980,1991,11,0.0,0.0
1988,1988,0,45.688259064691245,45.688259064691245
1980,1993,13,0.0,0.0
1980,1988,8,0.0,0.0
1980,1988,8,0.0,0.0
1980,1990,10,0.0,0.0
1984,1982,2,27.141371736342077,0.0
1980,1989,9,0.0,0.0
1987,1991,4,11.422064766172811,0.0
2001,2001,0,17.101319154423276,17.101319154423276
1980,1993,13,0.0,0.0
2011,2009,2,38.664933692399096,0.0
1980,1997,17,0.0,0.0
1980,1989,9,0.0,0.0
1980,1983,3,0.0,0.0
1980,1982,2,0.0,0.0
1980,1988,8,0.0,0.0
2003,2008,5,10.715104009236168,0.0
2003,2008,5,10.715104009236168,0.0
1980,1990,10,0.0,0.0
1994,1993,1,10.852529509404196,0.0
1980,1983,3,0.0,0.0
2006,2008,2,15.0,4.0
1983,1983,0,44.91767875292167,44.91767875292167
1991,1991,0,14.801758872564369,14.801758872564369
1980,1994,14,0.0,0.0
1980,1982,2,0.0,0.0
2012,2014,2,12.743782540330756,0.0
2007,2000,7,5.832890014164742,0.0
1980,1986,6,0.0,0.0
1982,1982,0,13.837726474549191,13.837726474549191
1982,1982,0,9.28771237954945,9.28771237954945
1980,1992,12,0.0,0.0
1980,1985,5,0.0,0.0
1980,1985,5,0.0,0.0
2010,2010,0,72.0,72.0
1980,1998,18,0.0,0.0
1980,2008,28,0.0,0.0
2010,2010,0,22.844129532345622,22.844129532345622
1980,2008,28,0.0,0.0
1991,1991,0,13.287712379549449,13.287712379549449
1998,1998,0,67.28026165865091,67.28026165865091
1980,2009,29,0.0,0.0
2013,2013,0,51.597160587150256,51.597160587150256
1980,1992,12,0.0,0.0
1980,2014,34,0.0,0.0
1991,1992,1,10.378294855911891,0.0
1980,1990,10,0.0,0.0
1980,2014,34,0.0,0.0
1980,2007,27,0.0,0.0
1980,1984,4,0.0,0.0
1980,2015,35,0.0,0.0
1980,2015,35,0.0,0.0
2010,2006,4,13.287712379549449,0.0
1980,1982,2,0.0,0.0
2013,2013,0,12.965784284662087,12.965784284662087
1980,1983,3,0.0,0.0
1980,2015,35,0.0,0.0
1980,2014,34,0.0,0.0
1980,1993,13,0.0,0.0
1980,1991,11,0.0,0.0
1980,2001,21,0.0,0.0
1980,2003,23,0.0,0.0
1980,1984,4,0.0,0.0
1980,1991,11,0.0,0.0
1980,1981,1,0.0,0.0
1980,1994,14,0.0,0.0
1980,1981,1,0.0,0.0
1980,2011,31,0.0,0.0
1983,1983,0,4.0,4.0
1980,1982,2,0.0,0.0
1980,1988,8,0.0,0.0
1980,1982,2,0.0,0.0
1980,1987,7,0.0,0.0
2008,2008,0,12.743782540330756,12.743782540330756
2014,2014,0,16.0,16.0
2009,2009,0,40.529325012980806,40.529325012980806
1989,1989,0,63.71891270165378,63.71891270165378
1980,1993,13,0.0,0.0
1994,1994,0,14.801758872564369,14.801758872564369
1980,2013,33,0.0,0.0
1984,1984,0,30.45883937646083,30.45883937646083
2007,2008,1,15.3878490508349,0.0
1980,1990,10,0.0,0.0
1980,1989,9,0.0,0.0
1980,1980,0,9.28771237954945,9.28771237954945
2010,2009,1,6.475733430966398,0.0
2007,2009,2,5.832890014164742,0.0
1981,1981,0,8.0,8.0
1980,1990,10,0.0,0.0
1980,1980,0,0.0,0.0
2010,2010,0,73.01644372835642,73.01644372835642
1980,1980,0,0.0,0.0
1980,1985,5,0.0,0.0
1980,1985,5,0.0,0.0
1980,1986,6,0.0,0.0
1980,1996,16,0.0,0.0
1993,1993,0,20.67970000576925,20.67970000576925
1986,1986,0,13.287712379549449,13.287712379549449
1980,1986,6,0.0,0.0
1987,1987,0,56.14709844115208,56.14709844115208
1980,1990,10,0.0,0.0
1980,1991,11,0.0,0.0
1980,1988,8,0.0,0.0
1984,1984,0,11.229419688230417,11.229419688230417
1982,1982,0,14.339850002884626,14.339850002884626
1980,1998,18,0.0,0.0
1980,1998,18,0.0,0.0
1980,1998,18,0.0,0.0
1980,1987,7,0.0,0.0
1980,2012,32,0.0,0.0
1983,1981,2,22.458839376460833,0.0
2010,2015,5,7.169925001442313,0.0
1980,2003,23,0.0,0.0
1980,1986,6,0.0,0.0
1980,1982,2,0.0,0.0
2000,2000,0,13.37829485591189,13.37829485591189
1980,1991,11,0.0,0.0
2009,2009,0,169.29308044173322,169.29308044173322
2007,2007,0,10.98370619265935,10.98370619265935
1980,2009,29,0.0,0.0
1980,1980,0,0.0,0.0
1984,1985,1,24.0,0.0
1985,1985,0,125.02049905947261,125.02049905947261
1980,2010,30,0.0,0.0
2001,2001,0,18.5754247590989,18.5754247590989
2004,2005,1,26.75658971182378,0.0
1980,1985,5,0.0,0.0
1980,1981,1,0.0,0.0
1980,2015,35,0.0,0.0
2007,2008,1,69.83449070941613,21.412992036122375
2014,2014,0,19.8167852415475,19.8167852415475
2014,2014,0,19.8167852415475,19.8167852415475
2014,2014,0,19.8167852415475,19.8167852415475
1994,1994,0,93.01398665684614,93.01398665684614
1997,1997,0,109.55682380126373,109.55682380126373
1980,2000,20,0.0,0.0
1980,2010,30,0.0,0.0
1980,1985,5,0.0,0.0
1980,2009,29,0.0,0.0
1985,1985,0,18.5754247590989,18.5754247590989
1980,1996,16,0.0,0.0
1980,1980,0,6.339850002884624,6.339850002884624
1994,1994,0,14.339850002884626,14.339850002884626
1980,1984,4,0.0,0.0
1980,1987,7,0.0,0.0
1998,1999,1,125.09775004326939,0.0
2000,2002,2,26.348947093689233,0.0
2005,2005,0,155.67442283867837,155.67442283867837
1990,1990,0,11.229419688230417,11.229419688230417
1994,1996,2,278.9534001269233,26.458839376460833
1994,1996,2,278.9534001269233,26.458839376460833
1996,1996,0,18.5754247590989,18.5754247590989
1980,2009,29,0.0,0.0
1980,1986,6,0.0,0.0
1980,2001,21,0.0,0.0
1980,2009,29,0.0,0.0
2011,2011,0,44.91767875292167,44.91767875292167
2002,2003,1,84.22064766172811,31.138135101213784
1980,2013,33,0.0,0.0
2010,2010,0,76.57622814138678,76.57622814138678
1980,2014,34,0.0,0.0
1980,1980,0,0.0,0.0
1984,1984,0,14.339850002884626,14.339850002884626
2003,2003,0,50.02581639355222,50.02581639355222
1983,1983,0,45.688259064691245,45.688259064691245
1998,1998,0,204.7694430719215,204.7694430719215
1998,1998,0,204.7694430719215,204.7694430719215
1998,1998,0,204.7694430719215,204.7694430719215
1998,1998,0,204.7694430719215,204.7694430719215
1980,1980,0,13.837726474549191,13.837726474549191
1980,1982,2,0.0,0.0
1980,1982,2,0.0,0.0
1980,2005,25,0.0,0.0
2010,2009,1,2.584962500721156,0.0
2003,2003,0,55.726274277296696,55.726274277296696
1980,1992,12,0.0,0.0
1996,1998,2,6.149747119504682,0.0
1996,1998,2,6.149747119504682,0.0
1996,1998,2,6.149747119504682,0.0
1988,1990,2,27.772944258388186,0.0
1980,2014,34,0.0,0.0
2006,2007,1,40.13488456773567,0.0
1980,1988,8,0.0,0.0
1980,1992,12,0.0,0.0
1983,1983,0,96.0,96.0
1980,2007,27,0.0,0.0
1980,1988,8,0.0,0.0
2011,2011,0,36.787165571253055,36.787165571253055
1980,2015,35,0.0,0.0
1980,1990,10,0.0,0.0
1980,2006,26,0.0,0.0
1980,2007,27,0.0,0.0
2002,2002,0,13.837726474549191,13.837726474549191
1980,1982,2,0.0,0.0
1988,1987,1,39.530856805008845,0.0
1982,1983,1,14.862588931160623,0.0
2005,2005,0,12.679700005769249,12.679700005769249
1991,1991,0,107.9654044762676,107.9654044762676
1980,1982,2,0.0,0.0
2013,2013,0,27.675452949098382,27.675452949098382
1980,1992,12,0.0,0.0
1980,2001,21,0.0,0.0
1980,1999,19,0.0,0.0
1980,2011,31,0.0,0.0
1980,1988,8,0.0,0.0
1980,1982,2,0.0,0.0
1993,1993,0,60.0,60.0
1984,1982,2,4.643856189774725,0.0
1980,1986,6,0.0,0.0
2005,2003,2,4.247927513443585,0.0
1996,1999,3,14.862588931160625,0.0
1987,1987,0,103.61231210795057,103.61231210795057
1980,1982,2,0.0,0.0
1980,2006,26,0.0,0.0
1983,1983,0,16.349851365001356,16.349851365001356
1985,1986,1,105.0,0.0
1980,2014,34,0.0,0.0
1980,1992,12,0.0,0.0
2000,2000,0,263.22462421590114,263.22462421590114
1980,2013,33,0.0,0.0
1980,2011,31,0.0,0.0
2011,2011,0,7.754887502163467,7.754887502163467
1980,2010,30,0.0,0.0
2011,2011,0,26.575424759098897,26.575424759098897
2015,2015,0,29.603517745128737,29.603517745128737
2011,2011,0,12.679700005769249,12.679700005769249
1994,1994,0,88.81055323538621,88.81055323538621
1985,1987,2,8.339850002884624,0.0
1980,2014,34,0.0,0.0
1980,1980,0,0.0,0.0
1980,1992,12,0.0,0.0
1980,1985,5,0.0,0.0
2003,2001,2,5.614709844115208,0.0
2005,2004,1,15.0,0.0
1980,2006,26,0.0,0.0
1980,1981,1,0.0,0.0
2006,2003,3,9.169925001442312,0.0
1980,2014,34,0.0,0.0
2012,2006,6,9.169925001442312,0.0
1980,2007,27,0.0,0.0
1989,1989,0,50.718800023076994,50.718800023076994
1989,1989,0,194.1751010249378,194.1751010249378
1980,2004,24,0.0,0.0
2010,2010,0,33.303957463269825,33.303957463269825
2002,2004,2,4.807354922057604,0.0
1999,1999,0,11.229419688230417,11.229419688230417
1980,2014,34,0.0,0.0
1981,1981,0,16.0,16.0
1980,1987,7,0.0,0.0
2009,2009,0,13.570685868171037,13.570685868171037
1999,2000,1,40.712057604513106,4.643856189774725
1980,2010,30,0.0,0.0
1980,1983,3,0.0,0.0
1980,1995,15,0.0,0.0
1990,1990,0,312.5512476486814,312.5512476486814
1980,1988,8,0.0,0.0
1980,2008,28,0.0,0.0
2012,2012,0,314.5335730813898,314.5335730813898
2012,2012,0,314.5335730813898,314.5335730813898
1991,1991,0,13.837726474549191,13.837726474549191
1999,2003,4,18.325573370334503,16.67970000576925
1984,1985,1,34.266194298518435,0.0
1998,1999,1,23.818313794066285,11.954559846999834
1980,1985,5,0.0,0.0
1980,1982,2,0.0,0.0
1980,1986,6,0.0,0.0
1983,1984,1,53.77443751081734,0.0
1980,2014,34,0.0,0.0
1980,1987,7,0.0,0.0
1980,1983,3,0.0,0.0
1980,2013,33,0.0,0.0
1980,1980,0,48.0,48.0
1980,1991,11,0.0,0.0
2001,2003,2,10.852529509404196,0.0
1991,1992,1,41.799812490156995,0.0
2010,2010,0,13.570685868171037,13.570685868171037
2013,2013,0,13.837726474549191,13.837726474549191
1980,1983,3,0.0,0.0
1990,1990,0,11.101319154423274,11.101319154423274
1980,1991,11,0.0,0.0
1980,1983,3,0.0,0.0
1980,2011,31,0.0,0.0
1983,1983,0,10.339850002884624,10.339850002884624
1982,1982,0,27.675452949098382,27.675452949098382
2013,2013,0,63.42482662634697,63.42482662634697
2010,2010,0,16.67970000576925,16.67970000576925
1980,1995,15,0.0,0.0
2008,2008,0,20.67970000576925,20.67970000576925
1987,1987,0,8.0,8.0
1980,1995,15,0.0,0.0
1994,1994,0,13.837726474549191,13.837726474549191
1984,1985,1,11.720671786825557,0.0
2003,2003,0,16.99171005377434,16.99171005377434
1980,2008,28,0.0,0.0
2010,2010,0,36.0,36.0
1984,1984,0,14.339850002884626,14.339850002884626
2006,2006,0,24.0,24.0
1980,1981,1,0.0,0.0
1980,2003,23,0.0,0.0
1980,1994,14,0.0,0.0
1980,1989,9,0.0,0.0
1989,1989,0,38.35390453667256,38.35390453667256
1980,1988,8,0.0,0.0
1980,1996,16,0.0,0.0
1980,1996,16,0.0,0.0
1980,1996,16,0.0,0.0
1980,2001,21,0.0,0.0
1980,1982,2,0.0,0.0
1980,1985,5,0.0,0.0
1983,1984,1,14.101319154423276,0.0
1980,1992,12,0.0,0.0
1986,1986,0,13.287712379549449,13.287712379549449
2005,2005,0,38.039100017307746,38.039100017307746
1991,1990,1,13.37829485591189,8.0
1984,1985,1,19.019550008653873,0.0
1981,1981,0,20.67970000576925,20.67970000576925
2008,2011,3,85.6519681444895,0.0
1980,1980,0,0.0,0.0
1980,1980,0,0.0,0.0
1989,1989,0,39.86313713864835,39.86313713864835
1994,1994,0,34.5754247590989,34.5754247590989
2014,2014,0,20.0,20.0
1997,1997,0,356.75452949098377,356.75452949098377
1997,1997,0,73.60335893412777,73.60335893412777
1997,1997,0,73.60335893412777,73.60335893412777
2005,2005,0,57.688259064691245,57.688259064691245
1984,1984,0,28.679700005769252,28.679700005769252
1981,1981,0,13.837726474549191,13.837726474549191
1983,1983,0,38.039100017307746,38.039100017307746
1986,1986,0,39.86313713864835,39.86313713864835
2011,2011,0,91.55343081647513,91.55343081647513
2011,2011,0,91.55343081647513,91.55343081647513
1980,1980,0,0.0,0.0
1980,1985,5,0.0,0.0
1980,1992,12,0.0,0.0
1980,1985,5,0.0,0.0
2008,2006,2,10.706496018061188,0.0
2006,2006,0,13.176952268336281,13.176952268336281
2007,2010,3,14.801758872564369,6.303780748177103
1980,1986,6,0.0,0.0
1998,1998,0,116.51433043838668,116.51433043838668
1998,1998,0,116.51433043838668,116.51433043838668
1980,1991,11,0.0,0.0
1980,1988,8,0.0,0.0
2010,2010,0,68.75488750216347,68.75488750216347
2013,2011,2,3.169925001442312,0.0
1980,1987,7,0.0,0.0
1980,1987,7,0.0,0.0
1980,2011,31,0.0,0.0
1980,2003,23,0.0,0.0
1980,1993,13,0.0,0.0
1980,1980,0,0.0,0.0
2002,2002,0,51.863137138648355,51.863137138648355
1991,1991,0,14.339850002884626,14.339850002884626
1980,1980,0,0.0,0.0
1980,1982,2,0.0,0.0
1980,2001,21,0.0,0.0
1980,1997,17,0.0,0.0
1980,1991,11,0.0,0.0
1980,2005,25,0.0,0.0
1980,1990,10,0.0,0.0
1980,1989,9,0.0,0.0
1983,1983,0,38.039100017307746,38.039100017307746
1981,1981,0,16.0,16.0
2000,2000,0,27.509775004326933,27.509775004326933
1980,1994,14,0.0,0.0
1991,1991,0,8.0,8.0
1986,1986,0,11.229419688230417,11.229419688230417
2011,2011,0,36.188495648456104,36.188495648456104
1987,1987,0,84.22064766172811,84.22064766172811
1991,1991,0,43.64161691622201,43.64161691622201
1980,1986,6,0.0,0.0
1995,1996,1,5.727920454563199,0.0
1980,2006,26,0.0,0.0
1992,1992,0,37.1508495181978,37.1508495181978
1980,1986,6,0.0,0.0
2002,2002,0,28.262388523751017,28.262388523751017
2014,2014,0,38.039100017307746,38.039100017307746
1980,1992,12,0.0,0.0
1980,2004,24,0.0,0.0
1980,2011,31,0.0,0.0
2007,1998,9,14.801758872564369,0.0
2007,1998,9,14.801758872564369,0.0
1980,1994,14,0.0,0.0
1980,2005,25,0.0,0.0
1980,2011,31,0.0,0.0
1992,1992,0,80.54337954676873,80.54337954676873
2004,2004,0,90.12250448431391,90.12250448431391
1995,1995,0,31.69925001442312,31.69925001442312
1983,1983,0,42.78849096871962,42.78849096871962
2011,2011,0,15.627562382434075,15.627562382434075
1985,1985,0,26.575424759098897,26.575424759098897
1993,1994,1,12.0,0.0
1993,1993,0,44.7225768612124,44.7225768612124
1980,2008,28,0.0,0.0
1980,2001,21,0.0,0.0
2000,2001,1,69.14153952053441,4.584962500721156
2006,2006,0,175.69269691115042,175.69269691115042
2008,2005,3,10.088788238716907,0.0
1982,1982,0,8.0,8.0
1980,1982,2,0.0,0.0
2001,2001,0,10.852529509404196,10.852529509404196
2000,2000,0,41.264662506490396,41.264662506490396
1980,1999,19,0.0,0.0
1984,1984,0,32.0,32.0
2004,2005,1,13.37829485591189,0.0
2005,2005,0,17.83772647454919,17.83772647454919
1998,1998,0,16.67970000576925,16.67970000576925
2004,2004,0,8.0,8.0
2001,2001,0,55.350905898196764,55.350905898196764
1997,1997,0,28.679700005769252,28.679700005769252
1980,2015,35,0.0,0.0
2004,2004,0,122.6244303634771,122.6244303634771
1980,2000,20,0.0,0.0
1997,1997,0,12.965784284662087,12.965784284662087
1980,1991,11,0.0,0.0
1996,1996,0,14.264662506490405,14.264662506490405
1980,2004,24,0.0,0.0
1989,1989,0,31.019550008653873,31.019550008653873
2011,2010,1,27.0190552148463,16.349851365001356
2004,2007,3,567.1098001961543,11.229419688230417
1984,1984,0,11.229419688230417,11.229419688230417
1980,2001,21,0.0,0.0
1980,2014,34,0.0,0.0
1999,1999,0,9.28771237954945,9.28771237954945
1980,1998,18,0.0,0.0
1980,2010,30,0.0,0.0
2000,2000,0,41.513179423647564,41.513179423647564
1980,1999,19,0.0,0.0
2003,2003,0,82.40895410654255,82.40895410654255
1981,1981,0,11.101319154423274,11.101319154423274
1980,1982,2,0.0,0.0
1980,1988,8,0.0,0.0
1980,1982,2,0.0,0.0
2004,2004,0,13.754887502163466,13.754887502163466
1980,1991,11,0.0,0.0
1980,1989,9,0.0,0.0
1991,1991,0,24.0,24.0
2002,2002,0,48.0,48.0
1989,1989,0,18.5754247590989,18.5754247590989
1980,1998,18,0.0,0.0
1980,1980,0,0.0,0.0
2013,2014,1,14.264662506490405,0.0
2014,2013,1,390.69106233855103,14.264662506490405
1985,1986,1,31.134884567735675,0.0
2011,2012,1,16.67970000576925,0.0
1980,2005,25,0.0,0.0
2004,2004,0,38.863847961020575,38.863847961020575
1984,1983,1,27.509775004326933,0.0
1980,1990,10,0.0,0.0
1980,1982,2,8.422064766172811,0.0
2008,2010,2,9.169925001442312,0.0
2008,2011,3,19.66376655503291,14.339850002884626
2014,2012,2,20.643856189774723,10.378294855911891
2006,2008,2,14.68002980232821,6.820178962415187
2011,2009,2,11.813781191217037,0.0
2002,2002,0,13.837726474549191,13.837726474549191
1980,2006,26,0.0,0.0
1993,1998,5,6.39231742277876,0.0
2007,2006,1,5.807354922057605,0.0
1980,1983,3,0.0,0.0
1980,1990,10,0.0,0.0
1980,1995,15,0.0,0.0
1980,2003,23,0.0,0.0
1996,1997,1,15.965784284662085,0.0
1980,2000,20,0.0,0.0
1996,1997,1,15.965784284662085,0.0
1980,1992,12,0.0,0.0
1980,1992,12,0.0,0.0
1980,1981,1,0.0,0.0
1999,1999,0,43.82892142331043,43.82892142331043
1980,1991,11,0.0,0.0
1992,1992,0,69.73835003173087,69.73835003173087
1980,2002,22,0.0,0.0
2000,2000,0,11.101319154423274,11.101319154423274
2004,2004,0,114.4489595550095,114.4489595550095
1980,1980,0,4.0,4.0
1980,1989,9,0.0,0.0
2001,2002,1,14.573942985382718,0.0
1991,1991,0,10.339850002884624,10.339850002884624
2013,2013,0,18.094247824228052,18.094247824228052
1980,1985,5,0.0,0.0
1980,1983,3,0.0,0.0
1980,2002,22,0.0,0.0
2014,2015,1,27.098606737027147,0.0
1997,1998,1,15.509775004326935,0.0
1980,2006,26,0.0,0.0
1980,1990,10,0.0,0.0
1980,1984,4,0.0,0.0
1991,1992,1,12.509775004326936,0.0
1980,1985,5,0.0,0.0
1980,2014,34,0.0,0.0
1980,1986,6,0.0,0.0
1980,2005,25,0.0,0.0
1997,1997,0,50.039100017307746,50.039100017307746
1995,1996,1,15.509775004326935,5.20945336562895
1994,1994,0,32.0,32.0
2014,2015,1,12.750078862693849,8.0
1980,1986,6,0.0,0.0
2015,2015,0,50.039100017307746,50.039100017307746
2006,2006,0,18.5754247590989,18.5754247590989
1995,1996,1,11.101319154423274,0.0
1980,2010,30,0.0,0.0
1980,2004,24,0.0,0.0
1980,1988,8,0.0,0.0
1984,1985,1,15.0,0.0
1980,1989,9,0.0,0.0
2008,2008,0,71.69925001442313,71.69925001442313
1980,2010,30,0.0,0.0
1980,1988,8,0.0,0.0
1980,1980,0,0.0,0.0
1980,1986,6,0.0,0.0
2010,2010,0,12.679700005769249,12.679700005769249
1980,2014,34,0.0,0.0
1980,2014,34,0.0,0.0
1980,1985,5,0.0,0.0
1980,1985,5,0.0,0.0
1980,1993,13,0.0,0.0
1980,2007,27,0.0,0.0
1988,1995,7,8.0,0.0
1980,1986,6,0.0,0.0
1980,1980,0,0.0,0.0
1980,1982,2,0.0,0.0
1980,1985,5,0.0,0.0
1998,1998,0,50.97513016132302,50.97513016132302
1980,1983,3,0.0,0.0
1980,1988,8,0.0,0.0
1980,1991,11,0.0,0.0
1980,1999,19,0.0,0.0
1980,1983,3,0.0,0.0
1980,2001,21,0.0,0.0
1993,1994,1,5.954196310386875,0.0
1980,1988,8,0.0,0.0
1980,1980,0,0.0,0.0
1996,1996,0,32.2646625064904,32.2646625064904
1980,2003,23,0.0,0.0
1985,1987,2,12.509775004326936,0.0
2012,2010,2,10.754887502163468,0.0
2000,2000,0,70.27707876446017,70.27707876446017
1980,1994,14,0.0,0.0
1980,1997,17,0.0,0.0
1980,2011,31,0.0,0.0
1980,2009,29,0.0,0.0
2003,2003,0,60.0,60.0
1980,1993,13,0.0,0.0
1985,1985,0,31.25512476486815,31.25512476486815
1980,1988,8,0.0,0.0
1980,1988,8,0.0,0.0
1980,1981,1,0.0,0.0
1980,2007,27,0.0,0.0
1994,1995,1,89.20647778231529,0.0
1980,1985,5,0.0,0.0
2009,2009,0,16.349851365001356,16.349851365001356
1980,2014,34,0.0,0.0
1984,1984,0,43.01955000865388,43.01955000865388
1980,1980,0,0.0,0.0
1980,1988,8,0.0,0.0
1980,1984,4,0.0,0.0
1980,2008,28,0.0,0.0
1982,1982,0,24.177576477433817,24.177576477433817
2004,2005,1,25.67970000576925,0.0
1980,1990,10,0.0,0.0
2013,2013,0,12.679700005769249,12.679700005769249
1980,2011,31,0.0,0.0
2011,2012,1,89.72517786232123,0.0
2000,1998,2,5.906890595608519,0.0
2000,1998,2,11.813781191217037,0.0
1982,1982,0,20.67970000576925,20.67970000576925
1983,1983,0,40.0,40.0
1990,1990,0,145.98245594699546,145.98245594699546
1980,1981,1,0.0,0.0
1980,2014,34,0.0,0.0
1986,1986,0,24.0,24.0
1980,2013,33,0.0,0.0
1982,1984,2,50.97513016132302,0.0
1980,1988,8,0.0,0.0
1994,1991,3,50.28321775089798,22.458839376460833
1985,1985,0,187.53074858920888,187.53074858920888
1980,1981,1,0.0,0.0
1986,1986,0,9.509775004326936,9.509775004326936
1980,1988,8,0.0,0.0
1980,2008,28,0.0,0.0
2004,2004,0,72.37895002019238,72.37895002019238
2010,2009,1,12.509775004326936,12.0
1996,1996,0,116.25278385560523,116.25278385560523
1985,1986,1,8.918863237274595,0.0
2014,2014,0,36.0,36.0
1980,1981,1,0.0,0.0
2010,2010,0,182.35252418739515,182.35252418739515
2010,2011,1,182.35252418739515,11.765286098723683
2004,2012,8,3.321928094887362,0.0
2003,2003,0,32.025816393552226,32.025816393552226
2012,2012,0,35.138539382230086,35.138539382230086
1980,1985,5,0.0,0.0
2010,2010,0,77.70923408096293,77.70923408096293
1980,1991,11,0.0,0.0
2014,2014,0,129.05865002596164,129.05865002596164
1980,1993,13,0.0,0.0
2001,2000,1,45.21602133046108,15.262388523751017
1995,1995,0,81.74925682500678,81.74925682500678
2000,2001,1,25.019550008653873,0.0
1980,2002,22,0.0,0.0
1980,1990,10,0.0,0.0
1984,1984,0,11.720671786825557,11.720671786825557
1980,1989,9,0.0,0.0
1980,1980,0,0.0,0.0
1980,1984,4,0.0,0.0
1990,1990,0,27.675452949098382,27.675452949098382
2013,2013,0,37.1508495181978,37.1508495181978
1980,1980,0,12.679700005769249,12.679700005769249
1980,2007,27,0.0,0.0
1980,1996,16,0.0,0.0
1980,1987,7,0.0,0.0
1986,1986,0,19.627562382434075,19.627562382434075
1992,1993,1,6.0,0.0
1999,1999,0,151.22859554775405,151.22859554775405
1980,1999,19,0.0,0.0
2004,2004,0,32.512970278534205,32.512970278534205
1980,1993,13,0.0,0.0
1981,1981,0,10.378294855911891,10.378294855911891
1980,1999,19,0.0,0.0
1980,2003,23,0.0,0.0
1980,2011,31,0.0,0.0
1991,1992,1,24.524777047502035,0.0
1980,2002,22,0.0,0.0
2009,2009,0,17.569269691115043,17.569269691115043
1997,1997,0,90.76048999263462,90.76048999263462
1994,1997,3,33.384004887988574,0.0
1980,1983,3,0.0,0.0
2014,2014,0,13.570685868171037,13.570685868171037
1980,1984,4,0.0,0.0
2012,2013,1,31.134884567735675,0.0
1980,1998,18,0.0,0.0
1980,1996,16,0.0,0.0
1982,1982,0,13.287712379549449,13.287712379549449
2004,1998,6,16.67970000576925,0.0
2001,1998,3,9.400879436282183,0.0
1997,1996,1,5.700439718141093,0.0
1980,1982,2,0.0,0.0
1980,1984,4,0.0,0.0
1980,2001,21,0.0,0.0
1980,1981,1,0.0,0.0
1984,1987,3,4.321928094887363,0.0
1988,1988,0,23.848882784678395,23.848882784678395
1980,2005,25,0.0,0.0
2007,2007,0,10.378294855911891,10.378294855911891
1980,1998,18,0.0,0.0
2004,2004,0,76.07820003461549,76.07820003461549
2000,2000,0,25.359400011538497,25.359400011538497
1980,1994,14,0.0,0.0
1980,2014,34,0.0,0.0
1980,2002,22,0.0,0.0
2010,2010,0,133.3272961949777,133.3272961949777
1980,1985,5,0.0,0.0
1980,1992,12,0.0,0.0
1980,1996,16,0.0,0.0
1980,1988,8,0.0,0.0
1980,2010,30,0.0,0.0
2011,2012,1,14.101319154423276,0.0
1980,2007,27,0.0,0.0
1989,1992,3,9.047123912114026,0.0
2003,2004,1,6.965784284662088,0.0
1997,1997,0,150.55415752892034,150.55415752892034
1997,1997,0,150.55415752892034,150.55415752892034
1980,2009,29,0.0,0.0
2002,2002,0,165.90909667662842,165.90909667662842
1986,1986,0,43.01955000865388,43.01955000865388
1980,1988,8,0.0,0.0
1996,1997,1,55.37829485591189,0.0
1993,1993,0,45.688259064691245,45.688259064691245
2010,2010,0,18.801758872564367,18.801758872564367
1980,1990,10,0.0,0.0
1980,2005,25,0.0,0.0
2010,2011,1,15.3878490508349,12.679700005769249
1994,2000,6,15.627562382434075,0.0
1980,1992,12,0.0,0.0
1990,1990,0,16.0,16.0
1980,1992,12,0.0,0.0
1980,2002,22,0.0,0.0
2007,2007,0,4.0,4.0
1980,2004,24,0.0,0.0
1980,1987,7,0.0,0.0
1980,1987,7,0.0,0.0
1980,1990,10,0.0,0.0
1989,1987,2,5.0,0.0
1980,1987,7,0.0,0.0
1980,1992,12,0.0,0.0
1980,1994,14,0.0,0.0
1991,1991,0,147.14866228501222,147.14866228501222
1980,1996,16,0.0,0.0
1980,1992,12,0.0,0.0
1980,2008,28,0.0,0.0
2003,2004,1,72.11032383086406,0.0
2004,2005,1,60.05963941563851,0.0
2005,2005,0,79.25216867262107,79.25216867262107
1993,1993,0,60.06849118176174,60.06849118176174
1994,1994,0,33.68825906469125,33.68825906469125
1994,1994,0,33.68825906469125,33.68825906469125
2005,2005,0,14.801758872564369,14.801758872564369
1991,1991,0,50.97513016132302,50.97513016132302
2010,2010,0,20.0,20.0
1980,1985,5,0.0,0.0
1994,1994,0,62.039100017307746,62.039100017307746
1984,1984,0,27.86313713864835,27.86313713864835
2009,2009,0,80.13853938223008,80.13853938223008
1985,1985,0,48.0,48.0
2005,2005,0,618.0249177781802,618.0249177781802
1980,2004,24,0.0,0.0
2005,2014,9,26.353904536672566,18.5754247590989
1980,1988,8,0.0,0.0
1980,1980,0,0.0,0.0
2005,2005,0,98.14021590310851,98.14021590310851
2002,2002,0,127.13221664840195,127.13221664840195
1980,1990,10,0.0,0.0
1980,1985,5,0.0,0.0
1980,1990,10,0.0,0.0
1982,1982,0,18.5754247590989,18.5754247590989
1980,1981,1,0.0,0.0
2004,1985,19,16.67970000576925,0.0
1980,2013,33,0.0,0.0
2002,2002,0,4.0,4.0
1989,1986,3,4.247927513443585,0.0
1980,1984,4,0.0,0.0
2005,2005,0,13.287712379549449,13.287712379549449
2008,2011,3,10.088788238716907,0.0
1980,1980,0,0.0,0.0
1996,1996,0,15.627562382434075,15.627562382434075
1988,1983,5,10.174925682500678,4.0
2008,2009,1,17.28771237954945,15.743782540330756
1996,1997,1,66.60791492653965,43.01955000865388
1980,1982,2,0.0,0.0
1980,2001,21,0.0,0.0
1992,1992,0,134.75303625876504,134.75303625876504
1995,1994,1,10.174925682500678,0.0
2004,2004,0,56.25874132278568,56.25874132278568
1980,2015,35,0.0,0.0
1980,1986,6,0.0,0.0
1980,1997,17,0.0,0.0
1980,1989,9,0.0,0.0
1980,1984,4,0.0,0.0
1980,2011,31,0.0,0.0
2013,2007,6,12.679700005769249,0.0
1980,1983,3,0.0,0.0
1981,1980,1,4.321928094887363,0.0
1980,1980,0,0.0,0.0
1980,2004,24,0.0,0.0
1980,1982,2,0.0,0.0
1980,1991,11,0.0,0.0
1980,1984,4,0.0,0.0
1982,1982,0,9.965784284662087,9.965784284662087
2010,2010,0,21.837726474549193,21.837726474549193
1980,1989,9,0.0,0.0
1980,2006,26,0.0,0.0
1989,1989,0,14.339850002884626,14.339850002884626
1989,1989,0,72.37895002019238,72.37895002019238
1992,1992,0,16.349851365001356,16.349851365001356
1980,1990,10,0.0,0.0
2004,2004,0,50.039100017307746,50.039100017307746
1980,1980,0,0.0,0.0
1987,1987,0,41.3594000115385,41.3594000115385
1980,1988,8,0.0,0.0
1980,1988,8,0.0,0.0
1980,1987,7,0.0,0.0
1980,2015,35,0.0,0.0
1986,1986,0,11.229419688230417,11.229419688230417
1982,1982,0,10.174925682500678,10.174925682500678
1980,1984,4,0.0,0.0
1980,1980,0,0.0,0.0
1980,2002,22,0.0,0.0
1980,1993,13,0.0,0.0
2014,2015,1,8.0,0.0
2008,2009,1,10.706496018061188,6.0
1980,1985,5,0.0,0.0
1980,2010,30,0.0,0.0
2003,2002,1,33.498920768556346,32.0
2001,2001,0,67.96684021509736,67.96684021509736
1980,1988,8,0.0,0.0
1995,1995,0,83.39850002884624,83.39850002884624
1980,2001,21,0.0,0.0
2008,2009,1,29.458142235911616,0.0
2011,2012,1,11.813781191217037,0.0
1980,1985,5,0.0,0.0
1981,1981,0,4.0,4.0
1980,1997,17,0.0,0.0
1980,1999,19,0.0,0.0
1980,1988,8,0.0,0.0
1980,1991,11,0.0,0.0
1980,1991,11,0.0,0.0
1985,1985,0,60.91767875292166,60.91767875292166
1980,1985,5,0.0,0.0
1980,2000,20,0.0,0.0
1980,1985,5,0.0,0.0
2003,2013,10,10.715104009236168,0.0
1980,2010,30,0.0,0.0
1980,1996,16,0.0,0.0
1980,1983,3,0.0,0.0
1980,2008,28,0.0,0.0
1980,1981,1,0.0,0.0
1986,1986,0,12.679700005769249,12.679700005769249
1988,1988,0,13.837726474549191,13.837726474549191
1980,1995,15,0.0,0.0
2004,2004,0,99.85263754543284,99.85263754543284
1980,2012,32,0.0,0.0
1983,1983,0,15.627562382434075,15.627562382434075
2009,2010,1,13.176952268336281,0.0
1980,1982,2,0.0,0.0
1980,1980,0,75.24965819789278,75.24965819789278
1980,2000,20,0.0,0.0
2013,2013,0,82.41805003750011,82.41805003750011
1998,1998,0,89.7875019077441,89.7875019077441
2002,2006,4,5.554588851677638,0.0
1980,1993,13,0.0,0.0
2001,2001,0,9.28771237954945,9.28771237954945
2007,2007,0,50.28321775089799,50.28321775089799
2014,2014,0,96.56316599793443,96.56316599793443
1980,1980,0,9.28771237954945,9.28771237954945
1980,2010,30,0.0,0.0
2000,2000,0,15.627562382434075,15.627562382434075
1980,2001,21,0.0,0.0
1980,1987,7,0.0,0.0
1995,1996,1,5.727920454563199,0.0
2015,2015,0,4.0,4.0
1980,2010,30,0.0,0.0
1982,1982,0,15.627562382434075,15.627562382434075
1980,1985,5,0.0,0.0
1980,2001,21,0.0,0.0
1982,1982,0,50.718800023076994,50.718800023076994
1991,1991,0,12.0,12.0
1980,2005,25,0.0,0.0
1980,1995,15,0.0,0.0
1980,1984,4,0.0,0.0
1980,1996,16,0.0,0.0
1980,2009,29,0.0,0.0
1992,1992,0,110.70181179639351,110.70181179639351
2001,2001,0,172.95268950459078,172.95268950459078
1980,1997,17,0.0,0.0
1980,1993,13,0.0,0.0
1998,1998,0,14.801758872564369,14.801758872564369
1980,1990,10,0.0,0.0
1985,1985,0,46.43856189774725,46.43856189774725
1980,2003,23,0.0,0.0
1990,1990,0,9.965784284662087,9.965784284662087
1980,2002,22,0.0,0.0
1980,2000,20,0.0,0.0
1980,1982,2,0.0,0.0
1980,1987,7,0.0,0.0
1983,1985,2,14.720671786825553,0.0
1986,1986,0,26.575424759098897,26.575424759098897
2004,1990,14,33.3594000115385,0.0
2012,2014,2,19.125118294040774,0.0
2002,2002,0,12.0,12.0
1998,1999,1,8.999999999999998,0.0
1980,2005,25,0.0,0.0
1993,1993,0,34.5754247590989,34.5754247590989
1980,1989,9,0.0,0.0
2000,2000,0,26.68970136788598,26.68970136788598
2011,2011,0,123.12697150967071,123.12697150967071
2011,2011,0,109.28924503512152,109.28924503512152
1986,1983,3,9.614709844115207,0.0
1980,1981,1,0.0,0.0
2008,2008,0,6.339850002884624,6.339850002884624
2011,2011,0,21.28771237954945,21.28771237954945
2008,2008,0,32.0,32.0
1980,1980,0,0.0,0.0
1980,2009,29,0.0,0.0
1983,1986,3,10.0,0.0
1997,1999,2,10.784634845557521,0.0
2011,2011,0,9.28771237954945,9.28771237954945
1980,1988,8,0.0,0.0
1980,2014,34,0.0,0.0
1984,1984,0,12.262388523751017,12.262388523751017
1984,1982,2,10.570804437724496,0.0
1980,2015,35,0.0,0.0
2005,2005,0,70.8606809025237,70.8606809025237
2006,2007,1,25.48756508066151,13.837726474549191
1980,2012,32,0.0,0.0
2010,2010,0,16.67970000576925,16.67970000576925
2004,2004,0,67.85342934085519,67.85342934085519
1980,2007,27,0.0,0.0
2006,2006,0,41.6756269250316,41.6756269250316
1980,2010,30,0.0,0.0
1980,2012,32,0.0,0.0
1980,2007,27,0.0,0.0
1980,2012,32,0.0,0.0
1980,1986,6,0.0,0.0
1983,1983,0,137.06477719407377,137.06477719407377
2004,2004,0,129.40147014504876,129.40147014504876
1983,1984,1,12.509775004326936,0.0
2004,2004,0,86.39167808062807,86.39167808062807
2001,1990,11,98.85335573393418,84.0
1980,1991,11,0.0,0.0
2003,2003,0,15.743782540330756,15.743782540330756
1980,1983,3,0.0,0.0
1982,1982,0,15.627562382434075,15.627562382434075
1982,1982,0,15.627562382434075,15.627562382434075
1980,2007,27,0.0,0.0
1980,2004,24,0.0,0.0
1980,1988,8,0.0,0.0
1980,1984,4,0.0,0.0
1980,2010,30,0.0,0.0
1980,1986,6,0.0,0.0
2009,2009,0,14.101319154423276,14.101319154423276
1980,1998,18,0.0,0.0
1992,1992,0,22.458839376460833,22.458839376460833
1987,1987,0,39.12448484844215,39.12448484844215
2009,2008,1,54.68262499647375,51.863137138648355
1982,1982,0,156.0,156.0
2007,2009,2,14.801758872564369,0.0
1980,2011,31,0.0,0.0
2003,2003,0,33.68825906469125,33.68825906469125
1980,1988,8,0.0,0.0
1989,1989,0,29.603517745128737,29.603517745128737
1980,2008,28,0.0,0.0
2003,2009,6,9.400879436282183,0.0
2014,2014,0,25.359400011538497,25.359400011538497
1986,1986,0,52.343106204197845,52.343106204197845
1988,1988,0,43.01955000865388,43.01955000865388
1988,1988,0,43.01955000865388,43.01955000865388
1988,1988,0,43.01955000865388,43.01955000865388
1980,2012,32,0.0,0.0
1980,1985,5,0.0,0.0
2014,2014,0,228.4412953234563,228.4412953234563
2010,2011,1,17.039272505686426,0.0
1980,1985,5,0.0,0.0
2010,2009,1,16.931568569324174,14.422064766172811
2009,2007,2,22.458839376460833,0.0
2004,2008,4,17.28771237954945,15.509775004326935
2012,2011,1,19.125118294040774,0.0
2012,2011,1,19.125118294040774,0.0
2000,2000,0,65.39940546000543,65.39940546000543
1989,1989,0,84.0,84.0
2003,2003,0,78.33985000288462,78.33985000288462
2002,2002,0,75.47603381439839,75.47603381439839
1983,1983,0,26.575424759098897,26.575424759098897
1980,1981,1,12.509775004326936,0.0
1980,1989,9,0.0,0.0
2010,2012,2,5.357552004618084,0.0
1989,1990,1,10.754887502163468,0.0
1996,1996,0,18.339850002884624,18.339850002884624
2001,2001,0,85.6833926602369,85.6833926602369
1984,1984,0,11.422064766172811,11.422064766172811
2013,2015,2,28.931839770499746,0.0
2009,2009,0,22.416468716679574,22.416468716679574
1985,1985,0,57.359400011538504,57.359400011538504
1991,1991,0,44.91767875292167,44.91767875292167
1992,1992,0,26.75658971182378,26.75658971182378
1987,1985,2,21.509775004326936,0.0
1980,2015,35,0.0,0.0
2002,2004,2,13.37829485591189,9.28771237954945
2003,2003,0,22.844129532345622,22.844129532345622
1985,1985,0,103.72182895614814,103.72182895614814
1988,1988,0,57.359400011538504,57.359400011538504
1980,2009,29,0.0,0.0
1990,1990,0,12.0,12.0
1980,1982,2,0.0,0.0
1980,1986,6,0.0,0.0
1980,1983,3,0.0,0.0
1980,2015,35,0.0,0.0
1980,2005,25,0.0,0.0
1981,1981,0,14.264662506490405,14.264662506490405
1980,1988,8,0.0,0.0
1980,2003,23,0.0,0.0
1980,2008,28,0.0,0.0
2007,2008,1,11.422064766172811,0.0
1980,1991,11,0.0,0.0
1983,1983,0,62.039100017307746,62.039100017307746
1980,2004,24,0.0,0.0
2014,2014,0,14.801758872564369,14.801758872564369
1980,1980,0,0.0,0.0
2005,2005,0,99.63076659162708,99.63076659162708
2000,2000,0,24.524777047502035,24.524777047502035
1980,1998,18,0.0,0.0
1980,1988,8,0.0,0.0
1980,1993,13,0.0,0.0
1980,1984,4,0.0,0.0
2008,2013,5,26.353904536672566,0.0
1980,1991,11,0.0,0.0
2015,2015,0,16.0,16.0
1982,1982,0,8.0,8.0
2003,2005,2,117.1536659069834,16.349851365001356
1980,2001,21,0.0,0.0
1980,2014,34,0.0,0.0
1980,2008,28,0.0,0.0
1980,2005,25,0.0,0.0
1990,1991,1,66.60791492653965,19.596990448673488
1980,1980,0,0.0,0.0
1980,1982,2,0.0,0.0
1994,1994,0,43.16201536047667,43.16201536047667
1995,1995,0,156.83966918615417,156.83966918615417
1980,1994,14,0.0,0.0
1980,1994,14,0.0,0.0
1995,1995,0,156.83966918615417,156.83966918615417
1991,1991,0,55.350905898196764,55.350905898196764
1980,2015,35,0.0,0.0
1980,1992,12,0.0,0.0
1980,1996,16,0.0,0.0
1980,1980,0,0.0,0.0
1980,1992,12,0.0,0.0
1980,2010,30,0.0,0.0
1980,1997,17,0.0,0.0
1980,2007,27,0.0,0.0
1980,1988,8,0.0,0.0
1980,2009,29,0.0,0.0
1980,1993,13,0.0,0.0
1980,1999,19,0.0,0.0
1996,1996,0,165.37650061826636,165.37650061826636
2002,2002,0,30.45883937646083,30.45883937646083
1980,2008,28,0.0,0.0
2013,2013,0,39.86313713864835,39.86313713864835
1986,1987,1,5.672425341971495,0.0
1980,1986,6,0.0,0.0
1989,1989,0,74.00879436282185,74.00879436282185
1988,1990,2,10.643856189774723,0.0
1980,1983,3,0.0,0.0
2007,2010,3,12.088788238716907,0.0
2007,2009,2,70.41768838036432,0.0
1986,1990,4,4.754887502163468,0.0
2014,2014,0,34.52932501298081,34.52932501298081
2008,2005,3,54.25087770819727,0.0
2012,2012,0,121.83535750584335,121.83535750584335
1995,1996,1,25.296241671608648,0.0
1982,1981,1,12.965784284662087,11.229419688230417
2000,2001,1,3.321928094887362,0.0
2000,2000,0,4.0,4.0
2008,2008,0,17.35035220783591,17.35035220783591
2008,2009,1,44.01045348133101,0.0
2006,2009,3,5.0,0.0
1980,1982,2,0.0,0.0
1993,1991,2,496.82780857305175,197.83772647454919
1987,1988,1,22.20263830884655,4.0
2004,1985,19,66.718800023077,0.0
1980,1980,0,0.0,0.0
1980,1989,9,0.0,0.0
2004,2012,8,16.67970000576925,0.0
2007,2007,0,66.718800023077,66.718800023077
2008,2007,1,85.6519681444895,0.0
2006,2006,0,18.339850002884624,18.339850002884624
1980,1990,10,0.0,0.0
1985,1985,0,11.229419688230417,11.229419688230417
2014,2015,1,54.20131031725609,19.627562382434075
1980,2007,27,0.0,0.0
1980,2012,32,0.0,0.0
1980,2013,33,0.0,0.0
1988,1988,0,16.349851365001356,16.349851365001356
2010,2010,0,48.0,48.0
2010,2010,0,48.0,48.0
1980,1980,0,0.0,0.0
1980,1991,11,0.0,0.0
1980,1988,8,0.0,0.0
1980,1991,11,0.0,0.0
2012,2013,1,13.754887502163466,0.0
1991,1991,0,10.339850002884624,10.339850002884624
1980,1999,19,0.0,0.0
1980,1994,14,0.0,0.0
1980,1999,19,0.0,0.0
1980,1990,10,0.0,0.0
2006,2010,4,10.258566033889933,0.0
1992,1994,2,10.339850002884624,0.0
2012,2015,3,4.169925001442312,0.0
2000,2000,0,11.229419688230417,11.229419688230417
1980,2008,28,0.0,0.0
1980,1990,10,0.0,0.0
1981,1981,0,12.679700005769249,12.679700005769249
1986,1986,0,12.0,12.0
1982,1982,0,29.029551370770605,29.029551370770605
1980,2011,31,0.0,0.0
2010,2010,0,360.53450605480214,360.53450605480214
1980,1995,15,0.0,0.0
2012,2011,1,21.70505901880839,0.0
2015,2015,0,24.0,24.0
2011,2011,0,14.643856189774723,14.643856189774723
2010,2010,0,38.039100017307746,38.039100017307746
1986,1986,0,18.5754247590989,18.5754247590989
2005,2005,0,4.0,4.0
2009,2009,0,43.01955000865388,43.01955000865388
1980,1990,10,0.0,0.0
2011,2011,0,14.801758872564369,14.801758872564369
2011,2011,0,14.801758872564369,14.801758872564369
1980,1984,4,0.0,0.0
2010,2011,1,16.754887502163466,0.0
1989,1990,1,17.999999999999996,10.378294855911891
1980,2015,35,0.0,0.0
1980,1985,5,0.0,0.0
1981,1981,0,12.509775004326936,12.509775004326936
1980,1986,6,0.0,0.0
1980,2014,34,0.0,0.0
2007,2001,6,22.67970000576925,19.019550008653873
2010,2009,1,13.176952268336281,0.0
1980,2006,26,0.0,0.0
1980,2006,26,0.0,0.0
1980,2001,21,0.0,0.0
1980,1988,8,0.0,0.0
1980,1981,1,0.0,0.0
1981,1981,0,25.28771237954945,25.28771237954945
1980,1983,3,0.0,0.0
1980,1988,8,0.0,0.0
2004,2006,2,36.02155880351015,0.0
2006,2006,0,32.0,32.0
2003,2003,0,51.392758208134126,51.392758208134126
1980,1989,9,0.0,0.0
1980,1990,10,0.0,0.0
1987,1988,1,11.720671786825557,0.0
2010,2011,1,5.129283016944966,0.0
1994,1994,0,161.552610362745,161.552610362745
1990,1990,0,11.229419688230417,11.229419688230417
2001,2001,0,53.150849518197795,53.150849518197795
1980,1984,4,0.0,0.0
1980,1988,8,0.0,0.0
2010,2007,3,4.954196310386875,0.0
1980,2008,28,0.0,0.0
1998,1999,1,145.29612798276648,0.0
1980,1989,9,0.0,0.0
1982,1983,1,10.378294855911891,0.0
1999,2001,2,10.49585502688717,0.0
2009,2009,0,8.0,8.0
2008,2008,0,16.349851365001356,16.349851365001356
2003,2003,0,14.801758872564369,14.801758872564369
1980,1989,9,0.0,0.0
1983,1983,0,71.91112896601848,71.91112896601848
1980,1993,13,0.0,0.0
1980,1981,1,0.0,0.0
1980,1983,3,0.0,0.0
1980,1997,17,0.0,0.0
2015,2015,0,32.0,32.0
1985,1986,1,13.37829485591189,0.0
2012,2012,0,35.138539382230086,35.138539382230086
2010,2011,1,33.883402038032045,29.129283016944967
1980,1984,4,0.0,0.0
1980,1989,9,0.0,0.0
1980,2013,33,0.0,0.0
1980,2010,30,0.0,0.0
1985,1985,0,36.0,36.0
1980,1988,8,0.0,0.0
1980,1993,13,0.0,0.0
1998,1998,0,51.73769486745039,51.73769486745039
2010,2010,0,15.743782540330756,15.743782540330756
2003,2003,0,15.627562382434075,15.627562382434075
1986,1986,0,36.0,36.0
2011,2011,0,92.87712379549448,92.87712379549448
1980,2003,23,0.0,0.0
1980,2002,22,0.0,0.0
1998,1998,0,31.25512476486815,31.25512476486815
2001,2001,0,31.25512476486815,31.25512476486815
1980,2011,31,0.0,0.0
1980,2010,30,0.0,0.0
2010,2011,1,12.0,0.0
2013,2013,0,277.0324003975634,277.0324003975634
1980,1980,0,58.339850002884624,58.339850002884624
1981,1981,0,62.5102495297363,62.5102495297363
1980,2002,22,0.0,0.0
2004,1985,19,116.75790004038474,15.229419688230415
2011,2014,3,11.813781191217037,0.0
1998,1998,0,30.45883937646083,30.45883937646083
1980,1996,16,0.0,0.0
2002,2002,0,60.620098835190994,60.620098835190994
1983,1984,1,10.378294855911891,0.0
2004,2004,0,16.67970000576925,16.67970000576925
1990,1990,0,27.86313713864835,27.86313713864835
2011,2013,2,5.392317422778761,0.0
1980,1999,19,0.0,0.0
1980,2008,28,0.0,0.0
1980,2003,23,0.0,0.0
1980,1989,9,0.0,0.0
1992,1992,0,14.422064766172811,14.422064766172811
2004,1990,14,33.3594000115385,0.0
1980,1996,16,0.0,0.0
1980,1980,0,28.679700005769252,28.679700005769252
1993,1994,1,49.15273236672923,0.0
1980,1991,11,0.0,0.0
1998,1998,0,13.28771237954945,13.28771237954945
1980,2008,28,0.0,0.0
2013,2014,1,12.965784284662087,0.0
1980,1981,1,0.0,0.0
1980,1993,13,0.0,0.0
1980,1984,4,0.0,0.0
1993,1993,0,221.36142156273306,221.36142156273306
1980,2013,33,0.0,0.0
2012,2012,0,3.0,3.0
2003,2003,0,69.92213949949364,69.92213949949364
1980,1980,0,0.0,0.0
1995,1995,0,17.83772647454919,17.83772647454919
1980,2002,22,0.0,0.0
2011,2012,1,75.05865002596163,0.0
1987,1984,3,8.174925682500678,0.0
1980,1988,8,0.0,0.0
2003,2013,10,10.715104009236168,0.0
2004,2004,0,7.169925001442313,7.169925001442313
2005,2005,0,92.87712379549448,92.87712379549448
1980,1980,0,12.509775004326936,12.509775004326936
1980,1993,13,0.0,0.0
1994,1994,0,57.10441317826799,57.10441317826799
1994,1994,0,57.10441317826799,57.10441317826799
1980,2007,27,0.0,0.0
2009,2009,0,15.743782540330756,15.743782540330756
1980,1985,5,0.0,0.0
1990,1990,0,16.0,16.0
1992,1992,0,4.0,4.0
2003,2003,0,16.349851365001356,16.349851365001356
2007,2009,2,9.169925001442312,0.0
1980,1984,4,0.0,0.0
1980,1992,12,0.0,0.0
1980,2004,24,0.0,0.0
1997,1998,1,9.509775004326936,0.0
2011,2011,0,32.0,32.0
1996,1996,0,25.359400011538497,25.359400011538497
2015,2015,0,46.88268714730222,46.88268714730222
1980,2010,30,0.0,0.0
1980,2014,34,0.0,0.0
1980,1997,17,0.0,0.0
1991,1991,0,10.339850002884624,10.339850002884624
1982,1987,5,5.087462841250339,0.0
1986,1986,0,6.339850002884624,6.339850002884624
1980,1992,12,0.0,0.0
1980,1997,17,0.0,0.0
1980,1994,14,0.0,0.0
2014,2014,0,16.0,16.0
1980,2000,20,0.0,0.0
1992,1993,1,30.7756981016698,0.0
1980,1987,7,0.0,0.0
1989,1990,1,11.101319154423274,0.0
2011,2011,0,14.720671786825553,14.720671786825553
1980,1988,8,0.0,0.0
1991,1991,0,15.627562382434075,15.627562382434075
1980,1985,5,0.0,0.0
2013,2013,0,47.53590666235599,47.53590666235599
1980,2005,25,0.0,0.0
1991,1991,0,516.2346001038468,516.2346001038468
2004,2010,6,16.67970000576925,10.339850002884624
1980,1980,0,16.67970000576925,16.67970000576925
1991,1991,0,16.0,16.0
2001,2001,0,38.45883937646083,38.45883937646083
1981,1981,0,72.0,72.0
2006,2006,0,76.91767875292166,76.91767875292166
2005,1996,9,9.90839262077375,6.339850002884624
1980,2010,30,0.0,0.0
2001,2001,0,18.5754247590989,18.5754247590989
2004,2010,6,16.67970000576925,13.931568569324176
1980,1983,3,0.0,0.0
1986,1986,0,37.1508495181978,37.1508495181978
1980,1984,4,0.0,0.0
2010,2008,2,67.85342934085519,0.0
1993,1993,0,17.569269691115043,17.569269691115043
1980,1989,9,0.0,0.0
1980,1991,11,0.0,0.0
1980,1992,12,0.0,0.0
1980,2013,33,0.0,0.0
1980,2008,28,0.0,0.0
1980,1999,19,0.0,0.0
1987,1987,0,29.603517745128737,29.603517745128737
2009,2009,0,35.03730631134678,35.03730631134678
1980,2011,31,0.0,0.0
2010,2010,0,10.378294855911891,10.378294855911891
2004,2003,1,302.5244242566858,178.0308166031812
1980,2001,21,0.0,0.0
1980,2006,26,0.0,0.0
1991,1991,0,19.931568569324174,19.931568569324174
2004,2006,2,21.198267571373318,0.0
1983,1983,0,12.679700005769249,12.679700005769249
2014,2015,1,126.40532507427876,0.0
1980,1988,8,0.0,0.0
2002,2010,8,23.12543885409864,0.0
1986,1990,4,51.699250014423114,7.813781191217037
2013,2013,0,30.524777047502035,30.524777047502035
1980,1981,1,0.0,0.0
1983,1983,0,13.287712379549449,13.287712379549449
1989,1990,1,47.548875021634686,19.81378119121704
1980,1994,14,0.0,0.0
1980,1985,5,0.0,0.0
1986,1986,0,258.90013469991715,258.90013469991715
1980,1985,5,0.0,0.0
1984,1984,0,14.339850002884626,14.339850002884626
1983,1983,0,26.575424759098897,26.575424759098897
1980,1988,8,0.0,0.0
1980,1989,9,0.0,0.0
1980,1987,7,0.0,0.0
1980,2010,30,0.0,0.0
1980,2001,21,0.0,0.0
1982,1983,1,48.0,0.0
1980,1987,7,0.0,0.0
1982,1982,0,12.0,12.0
2003,2003,0,17.28771237954945,17.28771237954945
1980,1989,9,0.0,0.0
1980,1980,0,0.0,0.0
2007,2007,0,67.02081668147451,67.02081668147451
1980,1984,4,0.0,0.0
1980,2003,23,0.0,0.0
1980,1989,9,0.0,0.0
2004,1988,16,116.75790004038474,0.0
2011,2011,0,80.0,80.0
1980,2014,34,0.0,0.0
1986,1985,1,3.4594316186372978,0.0
1980,1980,0,6.339850002884624,6.339850002884624
2009,2009,0,22.070505878282802,22.070505878282802
2007,2007,0,132.9117975144352,132.9117975144352
2004,2006,2,24.406371956566698,0.0
1983,1983,0,22.458839376460833,22.458839376460833
1980,1995,15,0.0,0.0
2011,2011,0,46.343106204197845,46.343106204197845
1980,1988,8,0.0,0.0
1980,2008,28,0.0,0.0
1980,2013,33,0.0,0.0
1980,2014,34,0.0,0.0
1980,2011,31,0.0,0.0
1980,2011,31,0.0,0.0
2001,2002,1,12.0,0.0
1982,1984,2,5.459431618637297,0.0
1980,1991,11,0.0,0.0
1980,1990,10,0.0,0.0
1980,1993,13,0.0,0.0
1992,1992,0,24.0,24.0
1992,1992,0,24.0,24.0
1998,1998,0,37.84591778914462,37.84591778914462
1998,1998,0,37.84591778914462,37.84591778914462
1998,1998,0,37.84591778914462,37.84591778914462
1980,1980,0,0.0,0.0
2006,2006,0,407.8010412905842,407.8010412905842
2008,2012,4,8.0,0.0
1992,1989,3,229.21594808767375,14.339850002884626
1980,1990,10,0.0,0.0
1985,1989,4,5.459431618637297,0.0
1989,1989,0,25.359400011538497,25.359400011538497
1980,1982,2,0.0,0.0
2004,2004,0,46.88268714730222,46.88268714730222
1980,1980,0,0.0,0.0
1980,2015,35,0.0,0.0
1980,1986,6,0.0,0.0
2010,2010,0,55.726274277296696,55.726274277296696
1980,1984,4,0.0,0.0
1991,1991,0,15.627562382434075,15.627562382434075
2013,2013,0,27.516802271220907,27.516802271220907
1980,1982,2,0.0,0.0
2013,2013,0,127.72627427729665,127.72627427729665
1990,1990,0,100.07820003461549,100.07820003461549
2004,2004,0,50.718800023076994,50.718800023076994
2013,2014,1,11.287712379549449,0.0
1980,2010,30,0.0,0.0
1993,1993,0,124.5395382709427,124.5395382709427
1986,1986,0,67.3765181293825,67.3765181293825
1986,1986,0,14.801758872564369,14.801758872564369
1980,2012,32,0.0,0.0
1980,2011,31,0.0,0.0
1992,1992,0,27.86313713864835,27.86313713864835
1980,2001,21,0.0,0.0
1980,1995,15,0.0,0.0
1982,1982,0,38.039100017307746,38.039100017307746
2005,2005,0,35.10651805609664,35.10651805609664
2011,2011,0,8.0,8.0
2009,2009,0,52.7070840807043,52.7070840807043
1980,1985,5,0.0,0.0
1980,1993,13,0.0,0.0
1984,1984,0,15.3878490508349,15.3878490508349
1995,1995,0,49.13488456773567,49.13488456773567
1984,1984,0,10.339850002884624,10.339850002884624
1980,1995,15,0.0,0.0
2010,2010,0,83.58941141594504,83.58941141594504
2004,2012,8,22.80175887256437,0.0
2008,2007,1,31.93156856932417,0.0
1993,1993,0,18.094247824228052,18.094247824228052
1993,1993,0,18.094247824228052,18.094247824228052
1984,1984,0,91.07820003461549,91.07820003461549
2003,2003,0,22.844129532345622,22.844129532345622
1980,1989,9,0.0,0.0
2012,2013,1,10.754887502163468,0.0
1980,2002,22,0.0,0.0
1991,1991,0,48.0,48.0
1980,1981,1,0.0,0.0
1985,1985,0,11.229419688230417,11.229419688230417
1980,1984,4,0.0,0.0
1990,1991,1,13.176952268336281,9.28771237954945
1980,1988,8,0.0,0.0
1980,1991,11,0.0,0.0
1980,2009,29,0.0,0.0
1980,1986,6,0.0,0.0
1980,2011,31,0.0,0.0
2006,2006,0,12.0,12.0
2011,2007,4,9.509775004326936,0.0
1980,2006,26,0.0,0.0
1980,1989,9,0.0,0.0
1980,1990,10,0.0,0.0
1984,1984,0,15.627562382434075,15.627562382434075
1980,1991,11,0.0,0.0
1980,2012,32,0.0,0.0
2012,2013,1,12.17492568250068,0.0
1980,1994,14,0.0,0.0
1980,2013,33,0.0,0.0
1980,1980,0,0.0,0.0
2004,2004,0,73.86345788650424,73.86345788650424
2007,2007,0,57.58222888602939,57.58222888602939
2013,2013,0,145.6613998511715,145.6613998511715
1980,1981,1,22.82199094124883,0.0
1980,2015,35,0.0,0.0
1980,1987,7,0.0,0.0
1984,1986,2,8.918863237274595,0.0
2015,2015,0,162.718800023077,162.718800023077
1980,2015,35,0.0,0.0
1980,1980,0,38.039100017307746,38.039100017307746
1986,1986,0,3.9068905956085187,3.9068905956085187
2002,2003,1,8.999999999999998,0.0
1980,1989,9,0.0,0.0
1999,1999,0,38.97638280524132,38.97638280524132
2002,2002,0,28.68132810642586,28.68132810642586
1980,1986,6,0.0,0.0
1981,1981,0,44.37895002019237,44.37895002019237
1981,1981,0,48.37895002019237,48.37895002019237
1986,1980,6,4.087462841250339,0.0
1980,1985,5,0.0,0.0
1980,1990,10,0.0,0.0
1991,1991,0,13.287712379549449,13.287712379549449
1980,1992,12,0.0,0.0
1980,1984,4,0.0,0.0
1980,1999,19,0.0,0.0
1980,1992,12,0.0,0.0
1980,1983,3,0.0,0.0
1980,2006,26,0.0,0.0
1980,1988,8,0.0,0.0
1980,1985,5,0.0,0.0
1980,1993,13,0.0,0.0
2008,2008,0,15.627562382434075,15.627562382434075
1980,1990,10,0.0,0.0
2009,2010,1,16.570685868171037,0.0
1980,2006,26,0.0,0.0
1981,1981,0,25.359400011538497,25.359400011538497
2009,2009,0,15.229419688230415,15.229419688230415
2009,2009,0,15.229419688230415,15.229419688230415
2009,2009,0,15.229419688230415,15.229419688230415
1980,2006,26,0.0,0.0
1998,1998,0,18.801758872564367,18.801758872564367
1980,1988,8,0.0,0.0
1980,1985,5,0.0,0.0
1983,1983,0,8.339850002884624,8.339850002884624
1980,2007,27,0.0,0.0
1980,1988,8,0.0,0.0
2004,2000,4,66.718800023077,0.0
1980,1983,3,0.0,0.0
1980,2013,33,0.0,0.0
1980,2013,33,0.0,0.0
2010,2010,0,15.229419688230415,15.229419688230415
1981,1981,0,20.67970000576925,20.67970000576925
1980,2003,23,0.0,0.0
1980,1987,7,0.0,0.0
1987,1988,1,11.720671786825557,0.0
1980,1981,1,0.0,0.0
1994,1997,3,5.357552004618084,0.0
1980,1985,5,0.0,0.0
1980,1985,5,0.0,0.0
1980,1997,17,0.0,0.0
1980,1988,8,0.0,0.0
1980,2004,24,0.0,0.0
1980,1999,19,0.0,0.0
2006,2005,1,4.954196310386875,0.0
2005,2012,7,7.7481928495894605,0.0
2013,2013,0,71.56401572993187,71.56401572993187
1980,2012,32,0.0,0.0
1980,1995,15,0.0,0.0
1980,1987,7,0.0,0.0
1980,1985,5,0.0,0.0
1980,1982,2,0.0,0.0
1980,1988,8,0.0,0.0
2002,2005,3,11.720671786825557,0.0
1980,2009,29,0.0,0.0
1980,1989,9,0.0,0.0
1980,1985,5,0.0,0.0
1998,1998,0,126.79700005769249,126.79700005769249
1980,1980,0,0.0,0.0
1980,1994,14,0.0,0.0
1997,1997,0,16.0,16.0
1980,1982,2,0.0,0.0
1980,1986,6,0.0,0.0
1980,1989,9,0.0,0.0
1986,1986,0,12.679700005769249,12.679700005769249
2010,2010,0,14.573942985382718,14.573942985382718
1980,1991,11,0.0,0.0
1980,2013,33,0.0,0.0
1980,2008,28,0.0,0.0
1980,2015,35,0.0,0.0
2002,2008,6,2.807354922057604,0.0
1984,1984,0,32.69970273000271,32.69970273000271
1980,1994,14,0.0,0.0
1997,1997,0,16.278794264106292,16.278794264106292
1980,1983,3,0.0,0.0
1980,2009,29,0.0,0.0
1980,1993,13,0.0,0.0
1980,1984,4,0.0,0.0
1980,1992,12,0.0,0.0
1980,1989,9,0.0,0.0
1980,1980,0,0.0,0.0
1980,1990,10,0.0,0.0
1980,1994,14,0.0,0.0
1980,2003,23,0.0,0.0
1989,1991,2,60.532729432301444,0.0
2008,2008,0,22.968884541812205,22.968884541812205
1980,1995,15,0.0,0.0
1985,1985,0,14.801758872564369,14.801758872564369
1980,1985,5,0.0,0.0
1980,1983,3,0.0,0.0
1980,2000,20,0.0,0.0
1980,2010,30,0.0,0.0
1980,1980,0,0.0,0.0
1980,1980,0,41.80175887256436,41.80175887256436
1980,1987,7,0.0,0.0
1991,1991,0,12.743782540330756,12.743782540330756
1980,2012,32,0.0,0.0
1980,1980,0,0.0,0.0
1980,1991,11,0.0,0.0
1995,1996,1,94.99480107719727,0.0
1980,2012,32,0.0,0.0
2006,2006,0,41.3594000115385,41.3594000115385
1981,1981,0,12.0,12.0
1987,1987,0,13.287712379549449,13.287712379549449
1981,1981,0,27.408412342720226,27.408412342720226
1980,1989,9,0.0,0.0
1980,2009,29,0.0,0.0
1998,1998,0,44.2137268786243,44.2137268786243
1980,1986,6,0.0,0.0
1980,1993,13,0.0,0.0
1998,2000,2,13.837726474549191,0.0
1982,1983,1,11.720671786825557,0.0
2011,2012,1,16.07265601385425,0.0
2008,2008,0,32.11948805418356,32.11948805418356
1980,2010,30,0.0,0.0
1980,1980,0,0.0,0.0
1980,1984,4,0.0,0.0
2007,2007,0,13.837726474549191,13.837726474549191
2006,2006,0,15.856206656586743,15.856206656586743
2005,2006,1,5.727920454563199,0.0
1980,2005,25,0.0,0.0
2003,2000,3,5.285402218862248,0.0
1980,2012,32,0.0,0.0
1980,2008,28,0.0,0.0
1980,1982,2,0.0,0.0
2005,2005,0,66.23488990741616,66.23488990741616
1984,1989,5,9.047123912114026,0.0
1980,2008,28,0.0,0.0
2003,2005,2,22.094247824228052,13.931568569324176
2014,2014,0,50.794705707972525,50.794705707972525
1981,1982,1,12.509775004326936,0.0
2006,2006,0,130.79881092001085,130.79881092001085
2000,2000,0,127.22792416077381,127.22792416077381
2003,2003,0,30.083717989709655,30.083717989709655
1986,1987,1,12.509775004326936,0.0
1999,2000,1,24.931568569324174,0.0
1980,1987,7,0.0,0.0
1980,1987,7,0.0,0.0
1980,1985,5,0.0,0.0
1980,1994,14,0.0,0.0
1982,1983,1,12.743782540330756,0.0
1980,1980,0,0.0,0.0
1980,1982,2,0.0,0.0
2000,2000,0,12.0,12.0
1981,1981,0,13.837726474549191,13.837726474549191
2008,2008,0,11.422064766172811,11.422064766172811
1980,1988,8,0.0,0.0
1980,1987,7,0.0,0.0
2008,2007,1,174.62579180844654,0.0
2008,2008,0,50.70649601806119,50.70649601806119
1980,2007,27,0.0,0.0
1980,1990,10,0.0,0.0
1980,2011,31,0.0,0.0
1980,2000,20,0.0,0.0
1983,1983,0,74.0,74.0
1984,1984,0,15.0,15.0
2001,2001,0,13.837726474549191,13.837726474549191
1980,1984,4,0.0,0.0
1980,1989,9,0.0,0.0
2008,2008,0,42.82598407224475,42.82598407224475
2003,2002,1,8.784634845557521,0.0
2012,2015,3,6.686500527183218,0.0
2012,2014,2,14.457637380991763,0.0
1980,2008,28,0.0,0.0
1980,1991,11,0.0,0.0
2004,2004,0,6.044394119358453,6.044394119358453
1980,1989,9,0.0,0.0
1984,1984,0,11.422064766172811,11.422064766172811
2009,2011,2,22.9413177481211,13.176952268336281
1980,2004,24,0.0,0.0
2009,2009,0,116.75790004038474,116.75790004038474
1980,1989,9,0.0,0.0
1980,1983,3,0.0,0.0
2009,2009,0,9.28771237954945,9.28771237954945
1980,2002,22,0.0,0.0
1981,1981,0,15.229419688230415,15.229419688230415
1980,1983,3,0.0,0.0
1980,1999,19,0.0,0.0
2001,2001,0,72.0,72.0
2009,2009,0,29.603517745128737,29.603517745128737
2006,2006,0,11.101319154423274,11.101319154423274
1980,1982,2,0.0,0.0
1980,1980,0,0.0,0.0
1980,2015,35,0.0,0.0
1980,2007,27,0.0,0.0
1980,1988,8,0.0,0.0
1984,1984,0,14.801758872564369,14.801758872564369
2002,2000,2,6.714245517666123,0.0
1980,2003,23,0.0,0.0
1980,1988,8,0.0,0.0
1980,1980,0,14.801758872564369,14.801758872564369
1980,1992,12,0.0,0.0
1980,1980,0,12.679700005769249,12.679700005769249
1999,1999,0,18.5754247590989,18.5754247590989
1980,2012,32,0.0,0.0
1984,1984,0,12.679700005769249,12.679700005769249
1980,1987,7,0.0,0.0
1997,1991,6,49.75918151662715,6.339850002884624
2004,2008,4,13.37829485591189,0.0
1998,1998,0,32.0,32.0
1980,1994,14,0.0,0.0
1982,1982,0,6.339850002884624,6.339850002884624
1980,1981,1,0.0,0.0
1980,1984,4,0.0,0.0
1980,1980,0,0.0,0.0
1980,1991,11,0.0,0.0
1987,1987,0,24.0,24.0
1980,1983,3,0.0,0.0
1994,1993,1,203.2275173989972,13.570685868171037
1980,1983,3,0.0,0.0
1994,1994,0,92.23866587835397,92.23866587835397
1994,1995,1,92.23866587835397,0.0
2003,2006,3,21.83772647454919,12.965784284662087
2004,1998,6,16.67970000576925,10.754887502163468
2004,1998,6,16.67970000576925,10.754887502163468
1980,2004,24,0.0,0.0
1980,1991,11,0.0,0.0
2014,2015,1,17.999999999999996,0.0
1980,1982,2,0.0,0.0
1980,1988,8,0.0,0.0
1982,1982,0,143.1751010249378,143.1751010249378
1980,1987,7,0.0,0.0
1980,1980,0,0.0,0.0
1980,2008,28,0.0,0.0
2007,2007,0,18.5754247590989,18.5754247590989
2006,2006,0,48.0,48.0
1980,1985,5,0.0,0.0
1980,2008,28,0.0,0.0
1980,2014,34,0.0,0.0
1986,1987,1,11.101319154423274,0.0
1980,1984,4,0.0,0.0
1980,1993,13,0.0,0.0
1980,1993,13,0.0,0.0
1980,1997,17,0.0,0.0
2000,2000,0,17.569269691115043,17.569269691115043
1980,1991,11,0.0,0.0
2008,2006,2,53.53248009030594,20.67970000576925
1980,1985,5,0.0,0.0
2004,2006,2,28.444986104492934,0.0
1980,2014,34,0.0,0.0
1980,1989,9,0.0,0.0
2010,2010,0,52.57068586817104,52.57068586817104
2015,2015,0,20.99171005377434,20.99171005377434
1982,2007,25,19.019550008653873,0.0
1994,1995,1,49.426677866967076,32.271418572208795
2003,2003,0,67.4842146565396,67.4842146565396
1980,1986,6,0.0,0.0
1980,2009,29,0.0,0.0
1985,1987,2,5.459431618637297,0.0
1987,1988,1,29.101319154423276,15.627562382434075
2003,2005,2,8.339850002884624,6.339850002884624
1992,1991,1,11.861474675125773,0.0
1991,1991,0,28.679700005769252,28.679700005769252
1986,1987,1,4.807354922057604,0.0
1980,1992,12,0.0,0.0
1980,1986,6,0.0,0.0
1980,1989,9,0.0,0.0
1980,2011,31,0.0,0.0
1988,1988,0,64.0,64.0
1998,2000,2,17.183761363689595,10.339850002884624
1980,1993,13,0.0,0.0
1988,1988,0,80.0,80.0
1981,1981,0,12.679700005769249,12.679700005769249
2002,2005,3,6.714245517666123,0.0
1982,1982,0,8.0,8.0
1980,1987,7,0.0,0.0
1980,1989,9,0.0,0.0
1980,2014,34,0.0,0.0
1980,2011,31,0.0,0.0
2003,2003,0,208.3060344157224,208.3060344157224
2007,2010,3,14.720671786825553,0.0
2007,2008,1,4.857980995127572,0.0
1999,1999,0,33.68825906469125,33.68825906469125
2010,2015,5,13.287712379549449,0.0
1980,1984,4,0.0,0.0
1987,1985,2,5.491853096329675,0.0
1980,1990,10,0.0,0.0
1996,1996,0,85.75488750216347,85.75488750216347
1995,1996,1,45.39954707422608,0.0
1982,1983,1,11.101319154423274,0.0
1980,1999,19,0.0,0.0
1993,1993,0,19.019550008653873,19.019550008653873
1980,2002,22,0.0,0.0
1980,1987,7,0.0,0.0
2005,2005,0,18.5754247590989,18.5754247590989
1987,1987,0,16.0,16.0
1980,2012,32,0.0,0.0
2003,2011,8,9.400879436282183,0.0
1993,1993,0,1376.0,1376.0
2007,2014,7,9.047123912114026,0.0
2008,2011,3,22.926440604262392,4.0
2015,2015,0,8.0,8.0
1986,1986,0,46.88268714730222,46.88268714730222
1985,1985,0,11.422064766172811,11.422064766172811
1980,1994,14,0.0,0.0
1980,1993,13,0.0,0.0
1980,1999,19,0.0,0.0
1980,1983,3,0.0,0.0
1980,1994,14,0.0,0.0
1990,1993,3,31.019550008653873,0.0
1980,1992,12,0.0,0.0
2005,2005,0,16.67970000576925,16.67970000576925
2013,2013,0,13.837726474549191,13.837726474549191
1981,1981,0,16.67970000576925,16.67970000576925
2003,2004,1,79.4643987851689,0.0
1994,1992,2,9.715961990255144,0.0
2004,2004,0,76.07612564229805,76.07612564229805
2008,2015,7,10.706496018061188,0.0
2006,2006,0,43.72182895614816,43.72182895614816
1985,1985,0,11.422064766172811,11.422064766172811
1980,1985,5,0.0,0.0
2002,2008,6,10.75488750216347,0.0
1980,2009,29,0.0,0.0
1980,1988,8,0.0,0.0
1992,1992,0,48.0,48.0
1990,1992,2,32.55758852821259,0.0
2003,2007,4,17.264662506490406,0.0
1980,2000,20,0.0,0.0
1997,1997,0,69.18863237274596,69.18863237274596
1980,2010,30,0.0,0.0
1980,1999,19,0.0,0.0
1980,2015,35,0.0,0.0
2005,2015,10,6.6293566200796095,0.0
2004,1985,19,16.67970000576925,0.0
1997,1997,0,60.299208018387276,60.299208018387276
2004,1987,17,16.67970000576925,0.0
1980,1981,1,12.965784284662087,0.0
1999,2000,1,34.688158281147956,0.0
1980,2001,21,0.0,0.0
2012,2012,0,10.754887502163468,10.754887502163468
1980,1989,9,0.0,0.0
1985,1985,0,14.801758872564369,14.801758872564369
1985,1985,0,58.979219603075826,58.979219603075826
2003,2003,0,41.51317942364757,41.51317942364757
2006,2006,0,17.83772647454919,17.83772647454919
2006,2007,1,11.101319154423274,0.0
1980,1989,9,0.0,0.0
1980,1989,9,0.0,0.0
1980,1993,13,0.0,0.0
1999,1999,0,91.3765181293825,91.3765181293825
1980,1984,4,0.0,0.0
1980,1990,10,0.0,0.0
1980,1983,3,0.0,0.0
1980,1988,8,0.0,0.0
1980,1986,6,0.0,0.0
1980,2003,23,0.0,0.0
1983,1986,3,9.169925001442312,0.0
2008,2009,1,6.781359713524659,0.0
1995,2008,13,5.247927513443585,0.0
2001,2001,0,181.78738484625686,181.78738484625686
1980,2003,23,0.0,0.0
2012,2012,0,55.350905898196764,55.350905898196764
1980,1997,17,0.0,0.0
1980,1985,5,0.0,0.0
1980,2001,21,0.0,0.0
1980,1998,18,0.0,0.0
1980,1995,15,0.0,0.0
1995,1994,1,10.0,0.0
2007,2005,2,14.801758872564369,0.0
2004,2004,0,30.47828194804795,30.47828194804795
1980,2006,26,0.0,0.0
2008,2007,1,9.715961990255144,0.0
2004,2006,2,7.139551352398793,0.0
1980,2008,28,0.0,0.0
1980,1983,3,0.0,0.0
1980,2003,23,0.0,0.0
2002,2002,0,37.1508495181978,37.1508495181978
2011,2009,2,5.832890014164742,0.0
1997,1997,0,90.12928301694497,90.12928301694497
1980,1989,9,0.0,0.0
2004,2005,1,39.530856805008845,0.0
1980,1989,9,0.0,0.0
1980,1985,5,0.0,0.0
2004,2004,0,12.679700005769249,12.679700005769249
1980,1983,3,0.0,0.0
2004,2010,6,66.718800023077,12.0
2004,2004,0,21.509775004326936,21.509775004326936
2005,2005,0,51.863137138648355,51.863137138648355
1980,1981,1,0.0,0.0
1980,1984,4,0.0,0.0
1980,1983,3,0.0,0.0
1980,1988,8,0.0,0.0
1980,1985,5,0.0,0.0
2012,2012,0,6.303780748177103,6.303780748177103
1985,1985,0,13.287712379549449,13.287712379549449
1980,1985,5,0.0,0.0
1980,2015,35,0.0,0.0
1980,2004,24,0.0,0.0
1980,1986,6,0.0,0.0
1980,2002,22,0.0,0.0
2012,2012,0,17.57394298538272,17.57394298538272
2012,2012,0,17.57394298538272,17.57394298538272
1980,1993,13,0.0,0.0
1993,1993,0,23.183979535230247,23.183979535230247
1993,1993,0,23.183979535230247,23.183979535230247
1980,2009,29,0.0,0.0
1980,2010,30,0.0,0.0
1980,1982,2,0.0,0.0
1980,1995,15,0.0,0.0
1980,1981,1,0.0,0.0
1986,1986,0,11.229419688230417,11.229419688230417
1980,1984,4,0.0,0.0
1996,1996,0,25.359400011538497,25.359400011538497
1984,1987,3,4.643856189774725,0.0
1993,1991,2,6.08746284125034,0.0
2003,2004,1,32.557588528212584,0.0
1999,1999,0,29.441343573651107,29.441343573651107
1987,2000,13,4.754887502163468,0.0
1980,1982,2,0.0,0.0
1997,1997,0,24.622361320106712,24.622361320106712
1980,1983,3,0.0,0.0
1980,1982,2,0.0,0.0
1980,2011,31,0.0,0.0
1980,1980,0,0.0,0.0
1998,2001,3,5.0,0.0
1992,1992,0,14.339850002884626,14.339850002884626
1980,1995,15,0.0,0.0
1980,2002,22,0.0,0.0
1980,1998,18,0.0,0.0
2004,2012,8,33.3594000115385,13.287712379549449
1995,1995,0,72.0,72.0
2014,2014,0,9.28771237954945,9.28771237954945
1980,1980,0,0.0,0.0
1994,1994,0,57.022806209967094,57.022806209967094
1980,2003,23,0.0,0.0
1980,1986,6,0.0,0.0
1980,1991,11,0.0,0.0
1980,1990,10,0.0,0.0
1980,1991,11,0.0,0.0
1980,2014,34,0.0,0.0
1993,1993,0,22.458839376460833,22.458839376460833
1993,1993,0,22.458839376460833,22.458839376460833
1999,1999,0,14.339850002884626,14.339850002884626
1980,2005,25,0.0,0.0
1987,1987,0,33.68825906469125,33.68825906469125
1980,1987,7,0.0,0.0
2003,2005,2,11.101319154423274,6.339850002884624
1980,1990,10,0.0,0.0
1980,1983,3,0.0,0.0
1980,1991,11,0.0,0.0
1980,1994,14,0.0,0.0
1980,1993,13,0.0,0.0
1980,1993,13,0.0,0.0
1980,1999,19,0.0,0.0
1980,1980,0,0.0,0.0
1992,1992,0,22.458839376460833,22.458839376460833
1980,1992,12,0.0,0.0
1980,1990,10,0.0,0.0
1980,1986,6,0.0,0.0
1980,1982,2,0.0,0.0
1980,2003,23,0.0,0.0
1980,2014,34,0.0,0.0
2005,2011,6,6.9188632372745955,0.0
2005,2005,0,6.9188632372745955,6.9188632372745955
1980,1987,7,0.0,0.0
1980,1987,7,0.0,0.0
2003,2002,1,9.28771237954945,0.0
2006,2006,0,12.679700005769249,12.679700005769249
1980,2011,31,0.0,0.0
2001,2001,0,33.688259064691245,33.688259064691245
1987,1987,0,38.039100017307746,38.039100017307746
1987,1987,0,38.039100017307746,38.039100017307746
1980,1996,16,0.0,0.0
1980,2008,28,0.0,0.0
1980,2015,35,0.0,0.0
2004,2004,0,27.86313713864835,27.86313713864835
2011,2012,1,34.17695226833628,8.0
2007,2007,0,13.287712379549449,13.287712379549449
1980,1987,7,0.0,0.0
1980,1985,5,0.0,0.0
1980,1989,9,0.0,0.0
1980,2005,25,0.0,0.0
1993,1993,0,45.029551370770605,45.029551370770605
1980,2007,27,0.0,0.0
1983,1983,0,13.287712379549449,13.287712379549449
1980,2001,21,0.0,0.0
1982,1982,0,28.679700005769252,28.679700005769252
2013,2013,0,12.679700005769249,12.679700005769249
2000,2001,1,54.763920407555005,43.01955000865388
2009,2009,0,24.0,24.0
2004,2004,0,43.01955000865388,43.01955000865388
1989,1989,0,86.03910001730776,86.03910001730776
1980,1983,3,0.0,0.0
1997,1997,0,31.019550008653873,31.019550008653873
1997,1997,0,31.019550008653873,31.019550008653873
1998,1998,0,97.46116478348057,97.46116478348057
1985,1985,0,27.86313713864835,27.86313713864835
1997,1998,1,36.0,0.0
1980,2010,30,0.0,0.0
2010,2010,0,25.40087943628218,25.40087943628218
1980,1980,0,0.0,0.0
2010,2003,7,15.387849050834898,6.339850002884624
2005,2005,0,51.863137138648355,51.863137138648355
1980,1991,11,0.0,0.0
1980,1999,19,0.0,0.0
1980,1992,12,0.0,0.0
1980,1983,3,0.0,0.0
1997,1997,0,156.0,156.0
1980,1986,6,0.0,0.0
1999,1999,0,19.019550008653873,19.019550008653873
1980,1982,2,0.0,0.0
1998,1998,0,97.46116478348057,97.46116478348057
2004,2004,0,46.10318255186925,46.10318255186925
2009,2009,0,32.0,32.0
2008,2008,0,15.627562382434075,15.627562382434075
1980,1988,8,0.0,0.0
1980,2012,32,0.0,0.0
1995,1995,0,101.04712391211402,101.04712391211402
1995,1995,0,101.04712391211402,101.04712391211402
1988,1988,0,53.77443751081734,53.77443751081734
1982,1981,1,6.965784284662088,0.0
1980,1985,5,0.0,0.0
2003,2003,0,13.287712379549449,13.287712379549449
1983,1986,3,16.57068586817104,0.0
1980,1993,13,0.0,0.0
1980,1989,9,0.0,0.0
1980,2007,27,0.0,0.0
1980,1983,3,0.0,0.0
1980,1999,19,0.0,0.0
1980,1986,6,0.0,0.0
1980,1985,5,0.0,0.0
1980,1980,0,0.0,0.0
2004,2003,1,11.765286098723683,0.0
1980,1993,13,0.0,0.0
1980,2002,22,0.0,0.0
2008,2009,1,15.3878490508349,0.0
1997,1997,0,12.679700005769249,12.679700005769249
2002,2002,0,16.0,16.0
1989,1992,3,51.13853938223008,0.0
2006,2006,0,13.287712379549449,13.287712379549449
1980,1982,2,0.0,0.0
2007,2012,5,8.854868383260238,0.0
1980,1981,1,0.0,0.0
1980,2010,30,0.0,0.0
1980,2006,26,0.0,0.0
1980,2001,21,0.0,0.0
1980,2013,33,0.0,0.0
1980,1980,0,8.0,8.0
1980,2012,32,0.0,0.0
1982,1982,0,130.02797331369229,130.02797331369229
1980,1984,4,0.0,0.0
1985,1985,0,12.679700005769249,12.679700005769249
1980,1994,14,0.0,0.0
2012,2013,1,20.46053688724556,0.0
1980,1992,12,0.0,0.0
2012,2013,1,20.46053688724556,0.0
1980,1992,12,0.0,0.0
1980,2007,27,0.0,0.0
1980,1994,14,0.0,0.0
2005,2005,0,64.82892142331043,64.82892142331043
1980,2003,23,0.0,0.0
1980,1987,7,0.0,0.0
1980,1984,4,0.0,0.0
1980,2000,20,0.0,0.0
1980,1999,19,0.0,0.0
1980,2014,34,0.0,0.0
1980,1999,19,0.0,0.0
1980,2014,34,0.0,0.0
1980,2005,25,0.0,0.0
1983,1984,1,10.378294855911891,0.0
1980,1988,8,0.0,0.0
1980,1981,1,0.0,0.0
2008,2010,2,38.35390453667256,0.0
1980,1980,0,14.101319154423276,14.101319154423276
1980,2014,34,0.0,0.0
1999,1999,0,54.282743472684146,54.282743472684146
1980,1981,1,0.0,0.0
1993,1993,0,20.67970000576925,20.67970000576925
1989,1990,1,18.0,0.0
1980,1996,16,0.0,0.0
1980,1981,1,0.0,0.0
1980,1990,10,0.0,0.0
1980,1997,17,0.0,0.0
1980,2003,23,0.0,0.0
1980,1982,2,0.0,0.0
2012,2011,1,20.290527395156506,14.862588931160623
1980,2011,31,0.0,0.0
1980,2011,31,0.0,0.0
1980,1986,6,0.0,0.0
2002,2006,4,55.726274277296696,0.0
1980,2005,25,0.0,0.0
1980,1980,0,0.0,0.0
1998,1998,0,141.96731493807818,141.96731493807818
2002,2002,0,67.03081007108209,67.03081007108209
1980,1982,2,0.0,0.0
1982,1982,0,6.339850002884624,6.339850002884624
2013,2013,0,15.627562382434075,15.627562382434075
1998,1998,0,72.37699129691221,72.37699129691221
1980,1981,1,0.0,0.0
1980,1982,2,0.0,0.0
1980,2002,22,0.0,0.0
1980,1985,5,0.0,0.0
1994,2011,17,5.459431618637297,0.0
2015,2015,0,15.627562382434075,15.627562382434075
2002,2002,0,48.0,48.0
2007,2007,0,8.0,8.0
1980,2015,35,0.0,0.0
1980,1980,0,0.0,0.0
1980,1982,2,0.0,0.0
1980,1991,11,0.0,0.0
1980,1987,7,0.0,0.0
2009,2014,5,57.058650025961626,0.0
1980,1998,18,0.0,0.0
1980,2008,28,0.0,0.0
1980,1983,3,0.0,0.0
1980,1981,1,0.0,0.0
1980,1983,3,0.0,0.0
1980,1980,0,24.0,24.0
1980,1987,7,0.0,0.0
1980,2010,30,0.0,0.0
1980,2013,33,0.0,0.0
2015,2015,0,19.229419688230415,19.229419688230415
1980,1983,3,0.0,0.0
1980,1981,1,0.0,0.0
2005,2007,2,11.34485068394299,0.0
1980,1991,11,0.0,0.0
1987,1989,2,5.754887502163469,0.0
1980,1990,10,0.0,0.0
2013,2010,3,16.754887502163466,13.20945336562895
1980,1988,8,0.0,0.0
2011,2011,0,58.95445336320967,58.95445336320967
1995,1995,0,6.339850002884624,6.339850002884624
1980,1988,8,0.0,0.0
1981,1981,0,20.0,20.0
1980,1983,3,0.0,0.0
2000,2001,1,14.422064766172811,0.0
1985,1984,1,7.813781191217037,0.0
1999,1998,1,13.977369373544331,0.0
1982,1983,1,12.965784284662087,0.0
1996,1997,1,103.7829485591189,0.0
1980,1991,11,0.0,0.0
1994,1994,0,15.627562382434075,15.627562382434075
1980,1991,11,0.0,0.0
1984,1984,0,6.339850002884624,6.339850002884624
1980,2012,32,0.0,0.0
1980,2012,32,0.0,0.0
1980,2015,35,0.0,0.0
1980,1994,14,0.0,0.0
1980,1995,15,0.0,0.0
1980,2001,21,0.0,0.0
2007,2007,0,114.11730005192325,114.11730005192325
1980,2012,32,0.0,0.0
1980,1981,1,0.0,0.0
1984,1984,0,14.801758872564369,14.801758872564369
1980,1984,4,0.0,0.0
1980,2010,30,0.0,0.0
2015,2015,0,8.0,8.0
1980,1984,4,0.0,0.0
1980,1986,6,0.0,0.0
1980,2014,34,0.0,0.0
2004,2003,1,46.073177444773165,22.75488750216347
2006,2006,0,20.756589711823782,20.756589711823782
1980,2012,32,0.0,0.0
1980,2007,27,0.0,0.0
1980,1996,16,0.0,0.0
2006,2006,0,30.234452423203948,30.234452423203948
2001,2001,0,458.4962500721158,458.4962500721158
1980,2015,35,0.0,0.0
2009,2009,0,46.86521133302753,46.86521133302753
1985,1985,0,15.627562382434075,15.627562382434075
1980,1981,1,0.0,0.0
1980,2007,27,0.0,0.0
1983,1983,0,15.229419688230415,15.229419688230415
2004,2004,0,83.02635884729514,83.02635884729514
2008,2008,0,68.06910410365795,68.06910410365795
2003,2003,0,89.17553358696372,89.17553358696372
2008,2009,1,10.706496018061188,0.0
1980,2015,35,0.0,0.0
2005,2005,0,60.10774600519432,60.10774600519432
1994,1989,5,10.784634845557521,9.28771237954945
1984,1984,0,27.86313713864835,27.86313713864835
1980,1987,7,0.0,0.0
1995,1995,0,175.9031862067748,175.9031862067748
1985,1985,0,14.339850002884626,14.339850002884626
2005,2005,0,15.62836009688685,15.62836009688685
1990,1990,0,14.801758872564369,14.801758872564369
2013,2013,0,127.52520456844763,127.52520456844763
1980,1995,15,0.0,0.0
1980,1981,1,0.0,0.0
1980,2014,34,0.0,0.0
1999,1999,0,59.207035490257475,59.207035490257475
1980,2007,27,0.0,0.0
2005,2005,0,70.18391165828845,70.18391165828845
2010,2009,1,13.754887502163466,0.0
1980,1985,5,0.0,0.0
1989,1990,1,15.856206656586743,0.0
1988,1988,0,63.39850002884624,63.39850002884624
1991,1991,0,14.801758872564369,14.801758872564369
2006,2006,0,41.51317942364757,41.51317942364757
1980,2008,28,0.0,0.0
1980,2013,33,0.0,0.0
1980,2013,33,0.0,0.0
1985,1985,0,25.266194298518435,25.266194298518435
1980,2015,35,0.0,0.0
2005,2005,0,32.27826324881309,32.27826324881309
1980,1984,4,0.0,0.0
1980,2013,33,0.0,0.0
1997,1997,0,15.0,15.0
1985,1985,0,13.287712379549449,13.287712379549449
1989,1989,0,12.679700005769249,12.679700005769249
1980,2004,24,0.0,0.0
2010,2011,1,15.965784284662085,15.743782540330756
2011,2011,0,560.4381651165348,560.4381651165348
1981,1981,0,14.801758872564369,14.801758872564369
1980,1981,1,0.0,0.0
1998,1998,0,82.56692722865785,82.56692722865785
2003,2003,0,35.29016279321359,35.29016279321359
2007,2011,4,11.422064766172811,0.0
2001,2001,0,15.509775004326935,15.509775004326935
1993,1993,0,28.0,28.0
1988,1988,0,114.11730005192324,114.11730005192324
2008,2008,0,99.3765181293825,99.3765181293825
1980,2009,29,0.0,0.0
1988,1988,0,13.931568569324176,13.931568569324176
1980,1989,9,0.0,0.0
2001,2001,0,29.526803633337636,29.526803633337636
1980,2013,33,0.0,0.0
2011,2011,0,31.25512476486815,31.25512476486815
1980,1989,9,0.0,0.0
2013,2013,0,112.0,112.0
2000,2001,1,13.37829485591189,0.0
1980,1985,5,0.0,0.0
1986,1986,0,13.287712379549449,13.287712379549449
2008,2008,0,1409.0668981435879,1409.0668981435879
2008,2008,0,1409.0668981435879,1409.0668981435879
1980,2000,20,0.0,0.0
2008,2011,3,32.11948805418356,0.0
1980,1993,13,0.0,0.0
2013,2013,0,12.509775004326936,12.509775004326936
2013,2013,0,12.509775004326936,12.509775004326936
1980,2013,33,0.0,0.0
1980,1981,1,0.0,0.0
1980,2009,29,0.0,0.0
1980,1988,8,0.0,0.0
1980,1982,2,0.0,0.0
1980,2009,29,0.0,0.0
1980,1996,16,0.0,0.0
1980,1983,3,0.0,0.0
1980,1986,6,0.0,0.0
1980,1999,19,0.0,0.0
1980,1986,6,0.0,0.0
1980,2013,33,0.0,0.0
1980,2013,33,0.0,0.0
1980,1994,14,0.0,0.0
1986,1987,1,24.0,0.0
2004,2004,0,27.86313713864835,27.86313713864835
1998,1998,0,8.0,8.0
1980,2009,29,0.0,0.0
1980,1993,13,0.0,0.0
1980,1982,2,0.0,0.0
1980,2013,33,0.0,0.0
2007,2008,1,39.530856805008845,0.0
1980,1981,1,0.0,0.0
1980,1984,4,0.0,0.0
2013,2012,1,40.712057604513106,12.743782540330756
1980,2008,28,0.0,0.0
1998,1998,0,30.45883937646083,30.45883937646083
1998,1998,0,30.45883937646083,30.45883937646083
1989,1990,1,21.509775004326936,0.0
1980,1983,3,0.0,0.0
2004,2005,1,9.28771237954945,0.0
1980,1980,0,6.339850002884624,6.339850002884624
1980,1988,8,0.0,0.0
1980,1983,3,0.0,0.0
1980,2008,28,0.0,0.0
2007,2011,4,13.570685868171037,0.0
1980,1992,12,0.0,0.0
2013,2013,0,20.67970000576925,20.67970000576925
1980,1982,2,0.0,0.0
2011,2011,0,15.627562382434075,15.627562382434075
2008,2009,1,18.339850002884624,0.0
1980,1995,15,0.0,0.0
2008,2008,0,72.62259347556878,72.62259347556878
1980,1980,0,0.0,0.0
2011,2012,1,11.422064766172811,0.0
1999,2000,1,12.0,0.0
1980,2002,22,0.0,0.0
1980,2013,33,0.0,0.0
1980,2012,32,0.0,0.0
1980,1982,2,0.0,0.0
1980,1986,6,0.0,0.0
1980,1982,2,0.0,0.0
2011,2010,1,8.194756854422248,0.0
1980,1981,1,0.0,0.0
1994,2001,7,12.643856189774723,0.0
1980,1997,17,0.0,0.0
1984,1984,0,4.0,4.0
1980,1982,2,0.0,0.0
1980,1986,6,0.0,0.0
1980,1986,6,0.0,0.0
1980,1999,19,0.0,0.0
1980,2007,27,0.0,0.0
2014,2014,0,166.465005938829,166.465005938829
1980,1983,3,0.0,0.0
1980,1985,5,0.0,0.0
1980,1986,6,0.0,0.0
1980,2004,24,0.0,0.0
1980,1981,1,0.0,0.0
1982,1982,0,50.718800023076994,50.718800023076994
1985,1985,0,29.147885970765437,29.147885970765437
2011,2011,0,12.0,12.0
1980,1980,0,0.0,0.0
1980,1983,3,0.0,0.0
1980,1992,12,0.0,0.0
1980,1992,12,0.0,0.0
1980,2008,28,0.0,0.0
1980,2001,21,0.0,0.0
1980,2008,28,0.0,0.0
1980,1980,0,0.0,0.0
2015,2015,0,19.229419688230415,19.229419688230415
1980,1986,6,0.0,0.0
1980,1999,19,0.0,0.0
1980,1984,4,0.0,0.0
2001,2004,3,19.229419688230415,0.0
1980,2014,34,0.0,0.0
1980,1987,7,0.0,0.0
1980,1989,9,0.0,0.0
2004,2011,7,22.7020678187977,8.422064766172811
1980,1990,10,0.0,0.0
1980,1987,7,0.0,0.0
1980,1987,7,0.0,0.0
1986,1986,0,12.262388523751017,12.262388523751017
1980,1997,17,0.0,0.0
1980,1989,9,0.0,0.0
1980,2015,35,0.0,0.0
1980,1984,4,0.0,0.0
1980,1988,8,0.0,0.0
1980,2015,35,0.0,0.0
2007,2007,0,454.9534001269238,454.9534001269238
2013,2013,0,60.37895002019237,60.37895002019237
2013,2013,0,60.37895002019237,60.37895002019237
1980,1986,6,0.0,0.0
1989,1986,3,10.088788238716907,0.0
1980,2007,27,0.0,0.0
2011,2011,0,20.756589711823782,20.756589711823782
1996,1992,4,14.422064766172811,0.0
2011,2010,1,128.3235803116243,114.71880002307702
1980,1984,4,0.0,0.0
2013,2014,1,146.64271242790093,0.0
1980,2008,28,0.0,0.0
1980,1984,4,0.0,0.0
1980,1992,12,0.0,0.0
2014,2010,4,9.400879436282183,0.0
1980,2010,30,0.0,0.0
1980,1983,3,0.0,0.0
2009,2010,1,15.262388523751017,0.0
2009,2010,1,15.262388523751017,0.0
1980,2001,21,0.0,0.0
1983,1983,0,15.627562382434075,15.627562382434075
1983,1983,0,24.0,24.0
1980,1981,1,0.0,0.0
1980,1988,8,0.0,0.0
1980,2006,26,0.0,0.0
1980,1996,16,0.0,0.0
1980,1995,15,0.0,0.0
2001,1996,5,9.614709844115207,0.0
2003,2003,0,24.0,24.0
2007,2006,1,14.101319154423276,0.0
1980,1999,19,0.0,0.0
1980,1990,10,0.0,0.0
1980,1982,2,0.0,0.0
1980,1993,13,0.0,0.0
1980,1992,12,0.0,0.0
1995,1995,0,22.458839376460833,22.458839376460833
2006,2006,0,116.09640474436812,116.09640474436812
1980,1990,10,0.0,0.0
2006,2006,0,98.13781191217038,98.13781191217038
1991,1991,0,8.0,8.0
1980,2010,30,0.0,0.0
1991,1991,0,15.229419688230415,15.229419688230415
1981,1981,0,12.0,12.0
2004,2004,0,9.400879436282183,9.400879436282183
1980,2002,22,0.0,0.0
1983,1983,0,25.359400011538497,25.359400011538497
1980,1991,11,0.0,0.0
1980,1986,6,0.0,0.0
1980,1990,10,0.0,0.0
1980,1985,5,0.0,0.0
1985,1985,0,12.0,12.0
1992,1992,0,112.29011032553066,112.29011032553066
1999,2015,16,22.911681818252795,0.0
1994,1992,2,10.0,0.0
2005,2005,0,9.965784284662087,9.965784284662087
1980,1996,16,0.0,0.0
1999,2000,1,11.720671786825557,0.0
1998,1998,0,75.7985828955553,75.7985828955553
1980,1995,15,0.0,0.0
2001,2001,0,20.67970000576925,20.67970000576925
1980,1988,8,0.0,0.0
1980,1987,7,0.0,0.0
2000,1999,1,20.30455297433078,0.0
2006,2006,0,25.359400011538497,25.359400011538497
1996,1996,0,114.71880002307702,114.71880002307702
1980,1982,2,0.0,0.0
1980,1980,0,12.0,12.0
1980,1981,1,0.0,0.0
1980,1996,16,0.0,0.0
1980,1986,6,0.0,0.0
1987,1985,2,4.754887502163468,0.0
2011,2011,0,27.323556195543976,27.323556195543976
2003,2003,0,26.575424759098897,26.575424759098897
1980,1984,4,0.0,0.0
2010,2010,0,57.68645607148764,57.68645607148764
1980,1983,3,0.0,0.0
2012,2013,1,14.457637380991763,12.743782540330756
2009,2009,0,74.68693312160433,74.68693312160433
1980,2006,26,0.0,0.0
2005,2006,1,32.0,0.0
1980,2000,20,0.0,0.0
1989,1989,0,50.718800023076994,50.718800023076994
1980,2000,20,0.0,0.0
1980,1993,13,0.0,0.0
1980,1985,5,0.0,0.0
1980,1986,6,0.0,0.0
2004,2004,0,20.67970000576925,20.67970000576925
1980,1993,13,0.0,0.0
1980,1987,7,0.0,0.0
1991,1991,0,12.743782540330756,12.743782540330756
1991,1991,0,12.743782540330756,12.743782540330756
1980,2002,22,0.0,0.0
1980,1993,13,0.0,0.0
1994,1996,2,6.459431618637297,0.0
2012,2013,1,40.712057604513106,0.0
2012,2013,1,40.712057604513106,0.0
1995,2011,16,4.643856189774725,0.0
1989,1989,0,11.229419688230417,11.229419688230417
1980,1999,19,0.0,0.0
1980,2003,23,0.0,0.0
2008,2008,0,77.49323753389433,77.49323753389433
2004,1989,15,83.39850002884624,60.0
1980,1998,18,0.0,0.0
1984,1984,0,12.262388523751017,12.262388523751017
1980,2003,23,0.0,0.0
1980,1990,10,0.0,0.0
1981,1981,0,100.37895002019239,100.37895002019239
1980,1982,2,0.0,0.0
1984,1984,0,35.99999999999999,35.99999999999999
1980,1989,9,0.0,0.0
2013,2000,13,12.679700005769249,0.0
1980,1981,1,0.0,0.0
1992,1992,0,16.99171005377434,16.99171005377434
1980,1986,6,0.0,0.0
1980,1985,5,0.0,0.0
2013,2014,1,11.101319154423274,0.0
1980,1990,10,0.0,0.0
1980,1995,15,0.0,0.0
2003,1990,13,10.715104009236168,4.0
1983,1983,0,12.0,12.0
1985,1985,0,46.43856189774725,46.43856189774725
2008,2008,0,86.85359445921327,86.85359445921327
1998,1998,0,57.05865002596162,57.05865002596162
2010,2010,0,13.837726474549191,13.837726474549191
1980,1985,5,0.0,0.0
1980,2003,23,0.0,0.0
1981,1981,0,16.0,16.0
2008,2008,0,21.412992036122375,21.412992036122375
1980,1986,6,0.0,0.0
2010,2010,0,12.0,12.0
1996,2011,15,5.20945336562895,0.0
2000,2000,0,10.339850002884624,10.339850002884624
2008,2001,7,3.9068905956085187,0.0
1980,2000,20,0.0,0.0
1980,2014,34,0.0,0.0
1983,1983,0,46.43856189774725,46.43856189774725
1980,2009,29,0.0,0.0
1980,2009,29,0.0,0.0
1980,1983,3,0.0,0.0
1980,1988,8,0.0,0.0
1980,2002,22,0.0,0.0
1980,1993,13,0.0,0.0
1999,1999,0,130.02797331369229,130.02797331369229
1983,1984,1,28.52932501298081,0.0
2003,2008,5,7.169925001442313,0.0
1980,1999,19,0.0,0.0
1980,1990,10,0.0,0.0
1990,1991,1,12.743782540330756,12.679700005769249
1980,2006,26,0.0,0.0
1989,1989,0,13.837726474549191,13.837726474549191
1980,1984,4,0.0,0.0
1980,1991,11,0.0,0.0
1980,1996,16,0.0,0.0
1980,2011,31,0.0,0.0
1986,1986,0,13.837726474549191,13.837726474549191
1989,1989,0,29.603517745128737,29.603517745128737
1983,1983,0,33.98342010754868,33.98342010754868
2012,2012,0,25.359400011538497,25.359400011538497
1980,1987,7,0.0,0.0
1980,1987,7,0.0,0.0
1980,1986,6,0.0,0.0
1980,2004,24,0.0,0.0
1984,1984,0,18.5754247590989,18.5754247590989
1980,1998,18,0.0,0.0
1980,1991,11,0.0,0.0
1989,1988,1,15.856206656586743,0.0
2013,2013,0,25.359400011538497,25.359400011538497
1980,1997,17,0.0,0.0
1987,1986,1,14.339850002884626,9.965784284662087
1987,1986,1,14.339850002884626,9.965784284662087
1980,2002,22,0.0,0.0
1989,1991,2,12.262388523751017,0.0
1980,1990,10,0.0,0.0
1982,1983,1,107.7149433558443,0.0
1984,1984,0,33.3594000115385,33.3594000115385
2002,2002,0,15.627562382434075,15.627562382434075
1980,1985,5,0.0,0.0
2007,2007,0,26.48813292838964,26.48813292838964
2007,2007,0,26.48813292838964,26.48813292838964
1980,2005,25,0.0,0.0
1980,2014,34,0.0,0.0
1980,1999,19,0.0,0.0
1987,1984,3,5.247927513443585,0.0
1990,1990,0,13.287712379549449,13.287712379549449
1980,2014,34,0.0,0.0
1980,1985,5,0.0,0.0
2015,2015,0,73.3594000115385,73.3594000115385
1987,1987,0,50.718800023076994,50.718800023076994
2010,2010,0,44.405276617693104,44.405276617693104
1990,1990,0,112.0,112.0
2004,2002,2,72.42482662634696,66.43856189774725
2000,2000,0,32.0,32.0
2003,2003,0,14.339850002884626,14.339850002884626
1984,1984,0,12.0,12.0
1980,1987,7,0.0,0.0
1984,1984,0,26.575424759098897,26.575424759098897
1989,1989,0,9.28771237954945,9.28771237954945
1991,1992,1,17.569269691115043,11.101319154423274
1980,1984,4,0.0,0.0
1980,1989,9,0.0,0.0
1980,2011,31,0.0,0.0
1980,1980,0,27.86313713864835,27.86313713864835
2001,2000,1,19.425418768025917,8.0
1980,2000,20,0.0,0.0
1989,1989,0,30.490151313594698,30.490151313594698
1980,1988,8,0.0,0.0
1980,2002,22,0.0,0.0
1980,1980,0,12.0,12.0
1980,1984,4,0.0,0.0
1980,1989,9,0.0,0.0
1982,1983,1,21.556898916440964,0.0
1980,1989,9,0.0,0.0
1986,1986,0,31.019550008653873,31.019550008653873
1980,1989,9,0.0,0.0
1980,1984,4,0.0,0.0
1980,2014,34,0.0,0.0
1980,2010,30,0.0,0.0
1996,1997,1,12.509775004326936,8.999999999999998
1980,2002,22,0.0,0.0
2013,2013,0,133.45775509361513,133.45775509361513
1997,1994,3,8.339850002884624,0.0
1993,1993,0,9.28771237954945,9.28771237954945
1980,1994,14,0.0,0.0
1994,1994,0,23.94898072408293,23.94898072408293
1980,1991,11,0.0,0.0
2011,2012,1,17.264662506490406,0.0
1998,1998,0,226.86806057928158,226.86806057928158
1998,1998,0,226.86806057928158,226.86806057928158
1998,1998,0,226.86806057928158,226.86806057928158
1997,2000,3,47.818239387999334,15.229419688230415
1980,1986,6,0.0,0.0
1980,1983,3,0.0,0.0
1985,1985,0,9.28771237954945,9.28771237954945
2015,2015,0,22.458839376460833,22.458839376460833
1980,1981,1,0.0,0.0
1987,1985,2,4.643856189774725,0.0
1980,1981,1,0.0,0.0
1980,2000,20,0.0,0.0
1992,1992,0,17.569269691115043,17.569269691115043
2001,2002,1,22.094247824228052,0.0
1991,1991,0,15.627562382434075,15.627562382434075
1980,1997,17,0.0,0.0
1980,1987,7,0.0,0.0
2007,2012,5,5.857980995127572,0.0
1980,1981,1,0.0,0.0
1989,1983,6,5.044394119358453,0.0
1980,1982,2,0.0,0.0
2010,2010,0,14.339850002884626,14.339850002884626
2010,2010,0,14.339850002884626,14.339850002884626
1980,2013,33,0.0,0.0
1980,1983,3,0.0,0.0
1980,1990,10,0.0,0.0
1980,2013,33,0.0,0.0
1980,2009,29,0.0,0.0
1980,1982,2,0.0,0.0
1998,1998,0,39.72018857515529,39.72018857515529
1980,1981,1,0.0,0.0
1980,1997,17,0.0,0.0
1980,1994,14,0.0,0.0
1987,1987,0,14.801758872564369,14.801758872564369
1984,1984,0,38.039100017307746,38.039100017307746
1980,1990,10,0.0,0.0
1980,1998,18,0.0,0.0
1980,1994,14,0.0,0.0
1980,1985,5,0.0,0.0
1980,2007,27,0.0,0.0
1989,1989,0,11.229419688230417,11.229419688230417
1980,1988,8,0.0,0.0
1980,1991,11,0.0,0.0
1986,1986,0,57.359400011538504,57.359400011538504
1980,1991,11,0.0,0.0
2000,2000,0,241.11876623083432,241.11876623083432
1980,2004,24,0.0,0.0
1983,1984,1,86.53238859703687,16.0
1980,1995,15,0.0,0.0
1980,2006,26,0.0,0.0
1980,1993,13,0.0,0.0
1980,1988,8,0.0,0.0
1980,1987,7,0.0,0.0
1980,2007,27,0.0,0.0
1980,1993,13,0.0,0.0
1980,1980,0,16.67970000576925,16.67970000576925
1983,1983,0,16.349851365001356,16.349851365001356
1980,1983,3,0.0,0.0
1980,1985,5,0.0,0.0
1985,1985,0,8.999999999999998,8.999999999999998
1990,1990,0,9.28771237954945,9.28771237954945
1999,1999,0,9.28771237954945,9.28771237954945
1980,1980,0,0.0,0.0
1980,1991,11,0.0,0.0
1980,2011,31,0.0,0.0
1980,1994,14,0.0,0.0
1980,1984,4,0.0,0.0
1983,1983,0,12.0,12.0
1980,1991,11,0.0,0.0
2001,2001,0,49.04955409500407,49.04955409500407
1980,2001,21,0.0,0.0
1992,2010,18,5.20945336562895,0.0
1981,1981,0,14.339850002884626,14.339850002884626
1985,1986,1,29.147885970765437,0.0
1986,1986,0,4.0,4.0
1980,2007,27,0.0,0.0
1994,1995,1,12.965784284662087,0.0
1980,1986,6,0.0,0.0
1980,1982,2,0.0,0.0
1980,1981,1,0.0,0.0
1980,1981,1,0.0,0.0
1980,1996,16,0.0,0.0
1980,1981,1,0.0,0.0
1980,2010,30,0.0,0.0
1980,2008,28,0.0,0.0
1980,2010,30,0.0,0.0
1991,1991,0,36.0,36.0
1988,1988,0,12.679700005769249,12.679700005769249
1992,1992,0,31.019550008653873,31.019550008653873
1988,1988,0,44.405276617693104,44.405276617693104
1981,1981,0,57.359400011538504,57.359400011538504
1980,2004,24,0.0,0.0
1980,1981,1,0.0,0.0
1980,1980,0,0.0,0.0
1984,1984,0,12.0,12.0
1984,1984,0,10.852529509404196,10.852529509404196
1980,2013,33,0.0,0.0
1983,1983,0,9.28771237954945,9.28771237954945
2003,2007,4,4.584962500721156,0.0
2007,2007,0,6.189824558880017,6.189824558880017
1980,1992,12,0.0,0.0
2007,2007,0,66.718800023077,66.718800023077
1986,1986,0,24.524777047502035,24.524777047502035
1980,1994,14,0.0,0.0
2011,2008,3,4.247927513443585,0.0
1980,1989,9,0.0,0.0
1980,1990,10,0.0,0.0
1980,1985,5,0.0,0.0
1980,2001,21,0.0,0.0
1980,1989,9,0.0,0.0
1980,1988,8,0.0,0.0
2003,2004,1,78.14180048443424,0.0
2002,2002,0,90.0891068278914,90.0891068278914
1984,1984,0,11.422064766172811,11.422064766172811
1980,1981,1,12.509775004326936,0.0
1983,1983,0,17.83772647454919,17.83772647454919
1980,1983,3,0.0,0.0
2004,2004,0,56.14709844115208,56.14709844115208
1985,1985,0,18.5754247590989,18.5754247590989
2008,2006,2,5.523561956057013,0.0
1996,1996,0,19.8167852415475,19.8167852415475
1996,2008,12,9.90839262077375,0.0
2002,2002,0,12.0,12.0
2014,2014,0,12.0,12.0
2002,2002,0,29.754887502163466,29.754887502163466
1980,1982,2,0.0,0.0
1980,1996,16,0.0,0.0
1980,1996,16,0.0,0.0
1980,1980,0,0.0,0.0
1980,1980,0,0.0,0.0
1980,1982,2,0.0,0.0
1980,2009,29,0.0,0.0
1999,2000,1,27.141371736342073,0.0
1980,1984,4,0.0,0.0
2010,2010,0,14.339850002884626,14.339850002884626
2002,2003,1,16.88706588307901,0.0
2001,2001,0,9.28771237954945,9.28771237954945
2009,2006,3,16.697456308462154,0.0
1985,1985,0,72.0,72.0
1980,2001,21,0.0,0.0
1980,1999,19,0.0,0.0
1980,1991,11,0.0,0.0
1980,1992,12,0.0,0.0
1980,2000,20,0.0,0.0
1980,1999,19,0.0,0.0
1980,1999,19,0.0,0.0
1980,2001,21,0.0,0.0
1980,1986,6,0.0,0.0
1980,1987,7,0.0,0.0
1980,1988,8,0.0,0.0
1980,1998,18,0.0,0.0
2004,2007,3,8.784634845557521,0.0
1980,1999,19,0.0,0.0
2002,2005,3,34.99734008498845,31.019550008653873
1980,2002,22,0.0,0.0
1986,1986,0,10.98370619265935,10.98370619265935
2003,2005,2,18.5754247590989,14.339850002884626
1980,1996,16,0.0,0.0
1980,1998,18,0.0,0.0
1980,1998,18,0.0,0.0
1980,1984,4,0.0,0.0
1997,1997,0,10.754887502163468,10.754887502163468
1992,1992,0,348.01301742573116,348.01301742573116
1980,1990,10,0.0,0.0
1985,1985,0,16.0,16.0
1991,1991,0,60.91767875292166,60.91767875292166
1997,1997,0,31.019550008653873,31.019550008653873
1980,1990,10,0.0,0.0
1980,1980,0,0.0,0.0
1980,1982,2,0.0,0.0
1980,1984,4,0.0,0.0
1980,2012,32,0.0,0.0
1980,1998,18,0.0,0.0
1992,1992,0,14.801758872564369,14.801758872564369
1980,1994,14,0.0,0.0
2009,2009,0,12.0,12.0
1980,1989,9,0.0,0.0
1997,1997,0,13.837726474549191,13.837726474549191
1997,1997,0,13.837726474549191,13.837726474549191
2014,2015,1,17.101319154423276,0.0
1980,1980,0,0.0,0.0
1996,1997,1,57.058650025961626,0.0
2010,2010,0,53.150849518197795,53.150849518197795
1980,1995,15,0.0,0.0
2007,2007,0,15.229419688230415,15.229419688230415
1985,1986,1,28.844129532345622,0.0
1980,2015,35,0.0,0.0
1993,1994,1,16.07265601385425,0.0
1980,2000,20,0.0,0.0
1991,1991,0,15.229419688230415,15.229419688230415
1999,2000,1,5.491853096329675,0.0
1996,1996,0,13.754887502163466,13.754887502163466
1996,1996,0,13.754887502163466,13.754887502163466
2014,2014,0,12.0,12.0
1994,1995,1,5.807354922057605,0.0
2012,2014,2,14.457637380991763,0.0
2012,2014,2,14.457637380991763,0.0
1980,1980,0,0.0,0.0
1980,2008,28,0.0,0.0
2008,2001,7,11.34485068394299,0.0
1980,2007,27,0.0,0.0
1984,1985,1,22.844129532345622,11.229419688230417
1991,1991,0,164.83610007500013,164.83610007500013
1980,2003,23,0.0,0.0
1980,1990,10,0.0,0.0
1984,1987,3,4.807354922057604,0.0
2007,2007,0,70.71934379523509,70.71934379523509
1997,1997,0,430.3641544919938,430.3641544919938
1998,1998,0,261.45320843084255,261.45320843084255
1980,1995,15,0.0,0.0
1980,1981,1,0.0,0.0
2003,2004,1,11.715961990255144,0.0
1980,1982,2,0.0,0.0
1980,1990,10,0.0,0.0
1980,1990,10,0.0,0.0
1980,2003,23,0.0,0.0
2014,2015,1,27.86313713864835,0.0
1980,1983,3,0.0,0.0
1980,1980,0,0.0,0.0
1980,2000,20,0.0,0.0
1980,1989,9,0.0,0.0
1980,1992,12,0.0,0.0
1984,1984,0,24.0,24.0
1980,2007,27,0.0,0.0
2003,2003,0,626.3398500028846,626.3398500028846
1980,2000,20,0.0,0.0
1980,1992,12,0.0,0.0
1993,1993,0,60.91767875292166,60.91767875292166
1993,1993,0,254.83599299386714,254.83599299386714
1980,1980,0,0.0,0.0
2003,2003,0,12.0,12.0
2012,2013,1,141.57520479679332,0.0
1980,1984,4,0.0,0.0
1980,2011,31,0.0,0.0
2006,2007,1,36.595335124357085,0.0
1980,1989,9,0.0,0.0
2003,2004,1,61.31194261875508,15.3878490508349
1980,1982,2,0.0,0.0
2009,2009,0,46.88268714730222,46.88268714730222
2001,2007,6,6.930737337562887,0.0
2015,2015,0,12.0,12.0
1998,1995,3,6.339850002884624,0.0
1980,1986,6,0.0,0.0
2002,2002,0,22.264662506490403,22.264662506490403
1994,1994,0,66.3467926101597,66.3467926101597
2002,2002,0,22.844129532345622,22.844129532345622
2009,2010,1,16.697456308462154,0.0
1990,1990,0,12.743782540330756,12.743782540330756
2007,2007,0,55.8530294265322,55.8530294265322
2009,2010,1,40.13488456773567,15.856206656586743
1980,1983,3,0.0,0.0
1980,1988,8,0.0,0.0
1980,1988,8,0.0,0.0
1980,2011,31,0.0,0.0
2006,2007,1,10.378294855911891,0.0
2013,2014,1,31.712413313173485,0.0
1980,1983,3,0.0,0.0
1980,1996,16,0.0,0.0
1981,1981,0,15.627562382434075,15.627562382434075
1980,1984,4,0.0,0.0
1980,1998,18,0.0,0.0
1980,1990,10,0.0,0.0
1980,1993,13,0.0,0.0
1980,1988,8,0.0,0.0
1980,1990,10,0.0,0.0
1980,2009,29,0.0,0.0
1980,2012,32,0.0,0.0
1980,1981,1,0.0,0.0
2015,2015,0,18.5754247590989,18.5754247590989
1981,1981,0,12.0,12.0
1980,1984,4,0.0,0.0
1991,1991,0,142.7018117963935,142.7018117963935
2004,2004,0,24.72127278456009,24.72127278456009
1980,1980,0,15.229419688230415,15.229419688230415
2012,2012,0,38.863847961020575,38.863847961020575
2012,2012,0,38.863847961020575,38.863847961020575
1984,1984,0,15.229419688230415,15.229419688230415
1980,1986,6,0.0,0.0
1980,1992,12,0.0,0.0
1980,1985,5,0.0,0.0
1992,1992,0,12.262388523751017,12.262388523751017
1980,1997,17,0.0,0.0
1997,1998,1,38.89735285398626,11.509775004326938
1980,2010,30,0.0,0.0
2009,2009,0,93.76537429460446,93.76537429460446
1980,1981,1,24.524777047502035,0.0
1980,1998,18,0.0,0.0
1980,1991,11,0.0,0.0
1980,1988,8,0.0,0.0
2014,2013,1,20.8378134625158,0.0
1981,1981,0,8.0,8.0
1990,1990,0,35.16201536047667,35.16201536047667
1980,2011,31,0.0,0.0
1980,1986,6,0.0,0.0
1988,1988,0,9.28771237954945,9.28771237954945
1980,2012,32,0.0,0.0
1980,2008,28,0.0,0.0
1984,1984,0,14.339850002884626,14.339850002884626
1990,1990,0,25.359400011538497,25.359400011538497
1980,2011,31,0.0,0.0
1980,1983,3,0.0,0.0
1980,2006,26,0.0,0.0
1980,1982,2,0.0,0.0
2012,2012,0,13.287712379549449,13.287712379549449
1980,1985,5,0.0,0.0
1980,2015,35,0.0,0.0
1985,1986,1,45.688259064691245,0.0
1980,1999,19,0.0,0.0
2011,2011,0,18.5754247590989,18.5754247590989
1996,1996,0,12.0,12.0
1987,1987,0,14.339850002884626,14.339850002884626
1991,1991,0,36.0,36.0
1995,1996,1,25.019550008653873,0.0
1980,2002,22,0.0,0.0
1980,1992,12,0.0,0.0
1980,2012,32,0.0,0.0
1980,1998,18,0.0,0.0
1980,1992,12,0.0,0.0
1997,1997,0,9.509775004326936,9.509775004326936
1995,1996,1,56.04189240018823,0.0
1980,1980,0,15.229419688230415,15.229419688230415
1980,1985,5,0.0,0.0
1980,1990,10,0.0,0.0
1980,1997,17,0.0,0.0
1980,2006,26,0.0,0.0
1994,1991,3,5.459431618637297,0.0
1980,1998,18,0.0,0.0
1993,1993,0,12.0,12.0
1980,2004,24,0.0,0.0
1992,1992,0,11.229419688230417,11.229419688230417
1981,1981,0,30.45883937646083,30.45883937646083
1982,1983,1,5.169925001442312,0.0
1980,1981,1,0.0,0.0
1994,1995,1,32.75658971182378,0.0
2007,2007,0,78.2002589014106,78.2002589014106
1990,1991,1,13.931568569324176,0.0
1980,2006,26,0.0,0.0
1998,1998,0,12.0,12.0
1984,1984,0,12.679700005769249,12.679700005769249
1980,1983,3,0.0,0.0
1980,2010,30,0.0,0.0
1980,1995,15,0.0,0.0
1980,1980,0,0.0,0.0
2006,2006,0,32.0,32.0
1980,1998,18,0.0,0.0
1991,1991,0,16.0,16.0
1980,1987,7,0.0,0.0
1996,1996,0,32.69970273000271,32.69970273000271
1980,1981,1,0.0,0.0
1980,2008,28,0.0,0.0
2004,1996,8,50.039100017307746,0.0
1987,1987,0,13.837726474549191,13.837726474549191
2005,2006,1,20.67970000576925,19.019550008653873
1980,2010,30,0.0,0.0
2014,2014,0,9.28771237954945,9.28771237954945
1980,1985,5,0.0,0.0
2003,2003,0,31.019550008653873,31.019550008653873
1980,2004,24,0.0,0.0
1980,2010,30,0.0,0.0
1989,1989,0,15.627562382434075,15.627562382434075
1980,2002,22,0.0,0.0
1980,2008,28,0.0,0.0
2003,1985,18,10.715104009236168,0.0
1980,1980,0,0.0,0.0
1980,1980,0,19.019550008653873,19.019550008653873
2015,2015,0,84.56643550179597,84.56643550179597
2003,2005,2,15.509775004326935,0.0
2003,2003,0,10.339850002884624,10.339850002884624
1980,2013,33,0.0,0.0
1987,1985,2,5.491853096329675,0.0
1981,1981,0,29.603517745128737,29.603517745128737
1994,1994,0,4.0,4.0
1996,1996,0,367.71130016730797,367.71130016730797
1996,1999,3,4.807354922057604,0.0
2010,2014,4,16.931568569324174,0.0
1980,1982,2,0.0,0.0
1980,1988,8,0.0,0.0
1986,1989,3,12.262388523751017,0.0
2013,2013,0,30.45883937646083,30.45883937646083
1980,2005,25,0.0,0.0
1980,1983,3,0.0,0.0
1980,1986,6,0.0,0.0
1980,1990,10,0.0,0.0
1980,1986,6,0.0,0.0
1980,1987,7,0.0,0.0
1980,1988,8,0.0,0.0
2015,2015,0,48.0,48.0
1980,1982,2,0.0,0.0
1980,1998,18,0.0,0.0
2011,2014,3,15.0,0.0
1980,2005,25,0.0,0.0
1980,2005,25,0.0,0.0
1980,2013,33,0.0,0.0
1980,2012,32,0.0,0.0
1980,2000,20,0.0,0.0
1980,1983,3,0.0,0.0
2014,2014,0,38.039100017307746,38.039100017307746
1980,2010,30,0.0,0.0
1980,1981,1,0.0,0.0
1997,1997,0,29.147885970765437,29.147885970765437
1980,1996,16,0.0,0.0
2013,2014,1,188.24457757957896,12.509775004326936
1980,1986,6,0.0,0.0
1980,1980,0,0.0,0.0
1980,1988,8,0.0,0.0
1980,1980,0,0.0,0.0
1980,2014,34,0.0,0.0
2005,2006,1,55.615226182230835,0.0
1998,1998,0,96.58597149501145,96.58597149501145
1980,1981,1,0.0,0.0
2011,2012,1,13.570685868171037,0.0
2004,2004,0,72.31493829621193,72.31493829621193
2010,2009,1,17.039272505686426,0.0
1980,2001,21,0.0,0.0
2014,2012,2,12.750078862693849,0.0
1993,1994,1,156.37895002019238,29.441343573651107
1984,1984,0,11.229419688230417,11.229419688230417
2012,2012,0,12.679700005769249,12.679700005769249
1980,1985,5,0.0,0.0
1981,1982,1,12.262388523751017,0.0
2005,2005,0,55.615226182230835,55.615226182230835
1991,1989,2,9.813781191217037,0.0
2009,2009,0,33.3771563142314,33.3771563142314
1980,1980,0,12.0,12.0
1990,1990,0,159.4525485545934,159.4525485545934
1980,1981,1,0.0,0.0
1988,1988,0,22.458839376460833,22.458839376460833
1992,1992,0,25.359400011538497,25.359400011538497
1983,1983,0,116.67093210947161,116.67093210947161
1980,1980,0,41.3594000115385,41.3594000115385
1980,1986,6,0.0,0.0
1980,1984,4,0.0,0.0
1997,1996,1,5.700439718141093,0.0
2013,2013,0,11.229419688230417,11.229419688230417
1980,1989,9,0.0,0.0
1980,1981,1,0.0,0.0
1980,2010,30,0.0,0.0
1980,1983,3,0.0,0.0
2004,1988,16,33.3594000115385,8.0
1980,1986,6,0.0,0.0
1980,1987,7,0.0,0.0
1980,1980,0,0.0,0.0
1992,1993,1,63.42482662634697,56.405276617693104
1980,1984,4,0.0,0.0
1980,1993,13,0.0,0.0
1999,1999,0,36.0,36.0
1980,1990,10,0.0,0.0
1984,1984,0,83.58941141594504,83.58941141594504
2002,2002,0,22.458839376460833,22.458839376460833
1980,2010,30,0.0,0.0
1980,2013,33,0.0,0.0
1986,1986,0,16.67970000576925,16.67970000576925
2007,2007,0,18.094247824228052,18.094247824228052
1980,2005,25,0.0,0.0
2006,2006,0,17.28771237954945,17.28771237954945
1988,1990,2,9.509775004326936,0.0
2002,2002,0,18.339850002884624,18.339850002884624
2005,2005,0,59.207035490257475,59.207035490257475
1980,2001,21,0.0,0.0
1987,1987,0,31.25512476486815,31.25512476486815
1980,1999,19,0.0,0.0
2001,2004,3,15.616118038508016,9.509775004326936
2000,2001,1,9.509775004326936,0.0
1980,1994,14,0.0,0.0
2004,2004,0,65.14137173634208,65.14137173634208
1980,2010,30,0.0,0.0
1994,1994,0,14.339850002884626,14.339850002884626
1993,1994,1,11.101319154423274,0.0
2007,2013,6,14.801758872564369,14.801758872564369
2012,2012,0,27.86313713864835,27.86313713864835
2012,2012,0,27.86313713864835,27.86313713864835
2001,2001,0,27.389031533972727,27.389031533972727
2002,2002,0,30.45883937646083,30.45883937646083
1992,1992,0,16.0,16.0
1980,2015,35,0.0,0.0
2007,2007,0,19.431923980510287,19.431923980510287
1980,1996,16,0.0,0.0
1980,2010,30,0.0,0.0
2006,2006,0,88.0,88.0
1999,1999,0,10.339850002884624,10.339850002884624
1980,1991,11,0.0,0.0
2004,2005,1,94.28103328293372,0.0
1980,2002,22,0.0,0.0
1988,1990,2,11.109177703355275,0.0
1988,1990,2,11.109177703355275,0.0
1980,2000,20,0.0,0.0
1983,1983,0,44.37895002019237,44.37895002019237
1980,2013,33,0.0,0.0
1980,1982,2,0.0,0.0
1980,2005,25,0.0,0.0
1980,1992,12,0.0,0.0
1980,1980,0,0.0,0.0
1988,1988,0,12.0,12.0
1983,1983,0,43.01955000865387,43.01955000865387
2002,2002,0,14.573942985382718,14.573942985382718
1980,2002,22,0.0,0.0
1984,1985,1,10.378294855911891,0.0
1980,1994,14,0.0,0.0
1980,2010,30,0.0,0.0
2006,2006,0,67.96684021509736,67.96684021509736
1991,1991,0,13.287712379549449,13.287712379549449
1980,1983,3,0.0,0.0
2004,2006,2,27.019550008653873,0.0
2000,1999,1,38.03910001730775,0.0
1980,1990,10,0.0,0.0
1980,1997,17,0.0,0.0
1980,1996,16,0.0,0.0
1980,1995,15,0.0,0.0
1980,2007,27,0.0,0.0
1980,1992,12,0.0,0.0
1980,2005,25,0.0,0.0
1980,2000,20,0.0,0.0
1980,2009,29,0.0,0.0
1980,2009,29,0.0,0.0
2003,2003,0,107.00776582237587,107.00776582237587
2006,2006,0,125.95026032264605,125.95026032264605
2005,2010,5,5.169925001442312,3.0
1980,1990,10,0.0,0.0
1997,1997,0,83.39850002884624,83.39850002884624
1980,1982,2,0.0,0.0
1980,2009,29,0.0,0.0
1980,1980,0,69.1508495181978,69.1508495181978
1980,2006,26,0.0,0.0
2014,2015,1,17.017276025914484,0.0
1980,1983,3,0.0,0.0
1983,1981,2,5.357552004618084,0.0
1980,1980,0,0.0,0.0
1980,2009,29,0.0,0.0
1998,1996,2,38.160571943606996,0.0
1982,1982,0,8.0,8.0
2012,2012,0,59.79470570797252,59.79470570797252
1980,1982,2,0.0,0.0
1988,1997,9,8.339850002884624,0.0
1980,1987,7,0.0,0.0
1982,1982,0,89.83535750584335,89.83535750584335
1980,1985,5,0.0,0.0
1986,1986,0,67.3765181293825,67.3765181293825
1986,1986,0,39.25512476486815,39.25512476486815
2013,2013,0,12.679700005769249,12.679700005769249
1980,1989,9,0.0,0.0
1980,2004,24,0.0,0.0
1993,1993,0,32.61927243620842,32.61927243620842
1992,1992,0,88.75790004038474,88.75790004038474
1980,1987,7,0.0,0.0
1986,1987,1,11.101319154423274,0.0
1998,1998,0,160.0,160.0
2006,2001,5,7.400879436282184,4.954196310386875
1986,1986,0,418.4301001903849,418.4301001903849
2010,2008,2,9.509775004326936,0.0
1980,1990,10,0.0,0.0
1995,1996,1,15.13318235807536,12.679700005769249
2008,2008,0,136.39033759284226,136.39033759284226
2000,1999,1,272.39728244535655,55.350905898196764
1980,1990,10,0.0,0.0
1980,1980,0,0.0,0.0
1985,1985,0,62.5102495297363,62.5102495297363
1989,1989,0,11.229419688230417,11.229419688230417
1991,1991,0,14.339850002884626,14.339850002884626
1985,1985,0,44.91767875292167,44.91767875292167
1982,1982,0,121.35304154711739,121.35304154711739
2008,2007,1,64.23897610836713,8.0
2010,2013,3,6.303780748177103,0.0
1980,1988,8,0.0,0.0
2005,2005,0,33.98342010754868,33.98342010754868
2001,2001,0,12.0,12.0
1980,2007,27,0.0,0.0
1980,1980,0,10.339850002884624,10.339850002884624
1980,2007,27,0.0,0.0
2008,2008,0,6.339850002884624,6.339850002884624
1980,1981,1,0.0,0.0
1988,1988,0,13.931568569324176,13.931568569324176
1980,1991,11,0.0,0.0
1980,1991,11,0.0,0.0
2011,2011,0,22.458839376460833,22.458839376460833
2002,1999,3,6.714245517666123,0.0
1981,1982,1,10.754887502163468,8.643856189774725
1980,2007,27,0.0,0.0
2010,2010,0,299.8556500836541,299.8556500836541
1980,1984,4,0.0,0.0
2004,2005,1,19.8167852415475,0.0
1980,2013,33,0.0,0.0
2005,2005,0,6.339850002884624,6.339850002884624
1985,1985,0,113.73835003173085,113.73835003173085
2008,2007,1,10.852529509404196,0.0
1980,1982,2,0.0,0.0
1980,1982,2,0.0,0.0
1980,2009,29,0.0,0.0
1980,1980,0,0.0,0.0
1980,2006,26,0.0,0.0
2006,2007,1,25.019550008653873,14.801758872564369
2004,2007,3,33.3594000115385,0.0
1980,1986,6,0.0,0.0
1986,1986,0,39.24544883432759,39.24544883432759
1985,1986,1,24.524777047502035,0.0
1980,1993,13,0.0,0.0
1980,1988,8,0.0,0.0
1989,1989,0,946.4301001903862,946.4301001903862
1980,1986,6,0.0,0.0
1980,1991,11,0.0,0.0
2004,2006,2,33.3594000115385,15.0
1980,2003,23,0.0,0.0
2002,2002,0,22.458839376460833,22.458839376460833
1980,1989,9,0.0,0.0
1987,1987,0,13.837726474549191,13.837726474549191
1991,1991,0,14.339850002884626,14.339850002884626
1980,1984,4,0.0,0.0
1980,2013,33,0.0,0.0
1980,1992,12,0.0,0.0
1980,1985,5,0.0,0.0
1980,1985,5,0.0,0.0
1980,1980,0,0.0,0.0
2002,2003,1,162.04697670750056,0.0
1983,1983,0,103.61231210795057,103.61231210795057
2004,2004,0,28.679700005769252,28.679700005769252
1997,1997,0,72.37699129691221,72.37699129691221
1980,1993,13,0.0,0.0
1980,2006,26,0.0,0.0
1980,2015,35,0.0,0.0
2009,2012,3,12.088788238716907,0.0
1980,2012,32,0.0,0.0
1980,2009,29,0.0,0.0
1980,1987,7,0.0,0.0
1980,2006,26,0.0,0.0
1980,2011,31,0.0,0.0
1992,1986,6,12.643856189774723,9.965784284662087
1983,1983,0,6.339850002884624,6.339850002884624
1992,1992,0,59.207035490257475,59.207035490257475
1980,1990,10,0.0,0.0
1981,1981,0,22.458839376460833,22.458839376460833
2007,2007,0,12.679700005769249,12.679700005769249
2009,2009,0,38.039100017307746,38.039100017307746
1980,2014,34,0.0,0.0
1980,2015,35,0.0,0.0
1980,1982,2,0.0,0.0
2014,2013,1,12.509775004326936,0.0
1980,2002,22,0.0,0.0
2003,2003,0,50.039100017307746,50.039100017307746
2014,2015,1,434.530998049927,0.0
1997,1997,0,18.5754247590989,18.5754247590989
1980,2004,24,0.0,0.0
1980,2008,28,0.0,0.0
1981,1981,0,16.0,16.0
2006,2007,1,32.75658971182378,0.0
2010,2010,0,13.754887502163466,13.754887502163466
1980,1995,15,0.0,0.0
1995,1995,0,21.14160887544899,21.14160887544899
1980,2003,23,0.0,0.0
1980,2014,34,0.0,0.0
1980,1988,8,0.0,0.0
2012,2012,0,13.754887502163466,13.754887502163466
1980,1985,5,0.0,0.0
2010,2010,0,39.69925001442312,39.69925001442312
1984,1984,0,13.287712379549449,13.287712379549449
1980,2011,31,0.0,0.0
1980,2012,32,0.0,0.0
1980,2012,32,0.0,0.0
2005,2005,0,213.72962731905358,213.72962731905358
1984,1985,1,12.0,0.0
1980,2006,26,0.0,0.0
2005,2005,0,16.07265601385425,16.07265601385425
1985,1985,0,25.019550008653873,25.019550008653873
1980,1999,19,0.0,0.0
1980,1990,10,0.0,0.0
1980,2013,33,0.0,0.0
1980,1985,5,0.0,0.0
1980,1987,7,0.0,0.0
2001,2000,1,24.0,0.0
2012,2014,2,54.20131031725608,0.0
1989,1989,0,48.0,48.0
1980,1986,6,0.0,0.0
1980,1986,6,0.0,0.0
1985,1985,0,30.45883937646083,30.45883937646083
1980,1980,0,0.0,0.0
2004,2007,3,30.13554091489565,9.400879436282183
1980,2011,31,0.0,0.0
1980,1992,12,0.0,0.0
1980,1992,12,0.0,0.0
1980,1996,16,0.0,0.0
1982,1982,0,15.627562382434075,15.627562382434075
1999,1999,0,207.5658971182378,207.5658971182378
1980,1980,0,0.0,0.0
2009,2009,0,54.4274537572486,54.4274537572486
1980,2014,34,0.0,0.0
2010,2010,0,101.43760004615399,101.43760004615399
2012,2013,1,4.0,0.0
1980,2011,31,0.0,0.0
2010,2010,0,12.965784284662087,12.965784284662087
1998,1998,0,28.307262388203323,28.307262388203323
1980,2008,28,0.0,0.0
1980,2012,32,0.0,0.0
1980,2006,26,0.0,0.0
2006,2007,1,28.584139404224437,25.558398261374748
2001,2002,1,27.897624055161835,0.0
1997,1997,0,31.019550008653873,31.019550008653873
1980,1983,3,0.0,0.0
1991,1991,0,247.04723314106926,247.04723314106926
1980,1980,0,0.0,0.0
1980,2013,33,0.0,0.0
1980,1987,7,0.0,0.0
1990,1990,0,120.0,120.0
1980,2006,26,0.0,0.0
1980,1984,4,0.0,0.0
1980,1981,1,0.0,0.0
1984,1984,0,12.679700005769249,12.679700005769249
1980,1998,18,0.0,0.0
1986,1987,1,10.754887502163468,0.0
1980,1983,3,0.0,0.0
1989,1989,0,32.67970000576925,32.67970000576925
1980,1993,13,0.0,0.0
1985,1985,0,20.0,20.0
2004,2004,0,30.96578428466209,30.96578428466209
2004,2004,0,42.965784284662085,42.965784284662085
2002,2002,0,51.69925001442312,51.69925001442312
1983,1983,0,88.75790004038474,88.75790004038474
1980,2004,24,0.0,0.0
1980,2014,34,0.0,0.0
2006,2007,1,12.965784284662087,0.0
1986,1986,0,20.67970000576925,20.67970000576925
1980,2009,29,0.0,0.0
1988,1988,0,22.20263830884655,22.20263830884655
1985,1985,0,28.0,28.0
1982,1990,8,3.5849625007211565,0.0
1980,2014,34,0.0,0.0
1980,1986,6,0.0,0.0
1998,1998,0,69.18863237274596,69.18863237274596
2009,2009,0,70.85945663537206,70.85945663537206
2009,2009,0,70.85945663537206,70.85945663537206
2003,2003,0,20.67970000576925,20.67970000576925
1980,2000,20,0.0,0.0
1980,1988,8,0.0,0.0
1980,1986,6,0.0,0.0
1980,1985,5,0.0,0.0
1980,1983,3,0.0,0.0
1984,1984,0,14.339850002884626,14.339850002884626
1980,2008,28,0.0,0.0
1980,2000,20,0.0,0.0
1997,1997,0,13.570685868171037,13.570685868171037
1980,2002,22,0.0,0.0
1992,1992,0,27.509775004326933,27.509775004326933
1983,1983,0,31.019550008653873,31.019550008653873
1981,1981,0,15.229419688230415,15.229419688230415
1980,1992,12,0.0,0.0
1980,1991,11,0.0,0.0
2015,2015,0,13.287712379549449,13.287712379549449
1980,2000,20,0.0,0.0
1999,1999,0,9.28771237954945,9.28771237954945
1980,1992,12,0.0,0.0
1980,2007,27,0.0,0.0
2003,2003,0,24.0,24.0
1980,1987,7,0.0,0.0
1980,1988,8,0.0,0.0
1980,1986,6,0.0,0.0
1980,2006,26,0.0,0.0
1989,1989,0,5.044394119358453,5.044394119358453
1989,1989,0,5.044394119358453,5.044394119358453
1980,1989,9,0.0,0.0
1980,1980,0,0.0,0.0
1980,2001,21,0.0,0.0
1980,2006,26,0.0,0.0
2007,2007,0,9.169925001442312,9.169925001442312
1980,1998,18,0.0,0.0
1980,2002,22,0.0,0.0
1980,1993,13,0.0,0.0
1980,1984,4,0.0,0.0
2003,2001,2,13.228818690495881,10.339850002884624
1980,1990,10,0.0,0.0
1999,1999,0,55.01955000865387,55.01955000865387
1984,1981,3,8.918863237274595,0.0
1980,1982,2,0.0,0.0
1996,1996,0,43.28967027676502,43.28967027676502
1980,1990,10,0.0,0.0
1980,2012,32,0.0,0.0
1980,2013,33,0.0,0.0
1984,1984,0,4.0,4.0
1980,2011,31,0.0,0.0
2008,2008,0,29.584962500721154,29.584962500721154
1997,1997,0,162.55011205307335,162.55011205307335
2007,2007,0,14.801758872564369,14.801758872564369
2004,2004,0,37.23376296621508,37.23376296621508
2003,2003,0,14.801758872564369,14.801758872564369
1998,1998,0,12.679700005769249,12.679700005769249
2007,2001,6,14.801758872564369,0.0
1980,2003,23,0.0,0.0
1999,1999,0,25.359400011538497,25.359400011538497
1980,1989,9,0.0,0.0
1980,1987,7,0.0,0.0
1980,2008,28,0.0,0.0
2006,2006,0,208.0,208.0
1980,1986,6,0.0,0.0
1983,1988,5,5.523561956057013,0.0
2003,2004,1,4.0,0.0
2005,2000,5,16.62576591056871,0.0
1998,1998,0,36.67970000576925,36.67970000576925
2000,2000,0,5.882643049361842,5.882643049361842
1980,1982,2,0.0,0.0
2001,2001,0,32.0,32.0
1980,1987,7,0.0,0.0
2004,2004,0,59.80932698443086,59.80932698443086
1998,1999,1,12.509775004326936,0.0
1980,2006,26,0.0,0.0
1980,1984,4,0.0,0.0
1980,1996,16,0.0,0.0
2001,2002,1,21.534504272954365,19.019550008653873
2010,2010,0,15.856206656586743,15.856206656586743
1993,1994,1,57.79197368775385,11.422064766172811
1999,1997,2,5.857980995127572,0.0
1980,1988,8,0.0,0.0
2002,1999,3,4.754887502163468,0.0
1995,1994,1,19.627562382434075,12.743782540330756
1993,1993,0,17.28771237954945,17.28771237954945
1993,1993,0,494.1628619721611,494.1628619721611
1980,2010,30,0.0,0.0
2000,2000,0,46.025180039867976,46.025180039867976
2010,2010,0,169.2158298530793,169.2158298530793
1980,1998,18,0.0,0.0
1980,1982,2,0.0,0.0
1980,2009,29,0.0,0.0
1998,1998,0,8.0,8.0
1997,1997,0,64.0,64.0
1980,1997,17,0.0,0.0
2004,2000,4,4.906890595608519,0.0
2009,2009,0,14.801758872564369,14.801758872564369
1980,2008,28,0.0,0.0
2013,2014,1,10.754887502163468,0.0
2008,2008,0,29.29461477220827,29.29461477220827
1999,1999,0,24.0,24.0
1980,1991,11,0.0,0.0
1994,1994,0,1054.959349032614,1054.959349032614
1994,1994,0,1054.959349032614,1054.959349032614
1996,1998,2,12.570804437724496,8.999999999999998
1980,1980,0,0.0,0.0
1980,1991,11,0.0,0.0
1980,1999,19,0.0,0.0
1982,1982,0,13.287712379549449,13.287712379549449
1980,1996,16,0.0,0.0
1980,1994,14,0.0,0.0
1984,1984,0,16.349851365001356,16.349851365001356
1980,1982,2,12.509775004326936,0.0
1980,1999,19,0.0,0.0
1980,1997,17,0.0,0.0
1980,1990,10,0.0,0.0
1980,1993,13,0.0,0.0
1980,2006,26,0.0,0.0
2013,2011,2,3.169925001442312,0.0
2009,2008,1,4.700439718141092,0.0
1980,2010,30,0.0,0.0
1980,1992,12,0.0,0.0
1989,1989,0,15.229419688230415,15.229419688230415
1995,1999,4,10.98370619265935,0.0
1980,2007,27,0.0,0.0
1980,1989,9,0.0,0.0
2001,2001,0,36.0,36.0
1980,2005,25,0.0,0.0
1980,1986,6,0.0,0.0
1980,1980,0,0.0,0.0
1980,2013,33,0.0,0.0
1980,1990,10,0.0,0.0
1980,2003,23,0.0,0.0
2005,2005,0,94.46269524198453,94.46269524198453
1980,1989,9,0.0,0.0
1980,1988,8,0.0,0.0
1980,1982,2,0.0,0.0
1980,2001,21,0.0,0.0
1992,1993,1,11.720671786825557,0.0
1980,1981,1,0.0,0.0
1980,2014,34,0.0,0.0
1980,1981,1,0.0,0.0
1987,1987,0,88.81055323538621,88.81055323538621
1980,1989,9,0.0,0.0
1980,1980,0,0.0,0.0
1980,1986,6,0.0,0.0
1980,1986,6,0.0,0.0
2002,2002,0,25.24609471641037,25.24609471641037
1980,1998,18,0.0,0.0
1980,1983,3,0.0,0.0
1980,1990,10,0.0,0.0
2006,2006,0,14.801758872564369,14.801758872564369
2004,2004,0,14.801758872564369,14.801758872564369
1980,1994,14,0.0,0.0
1980,1988,8,0.0,0.0
2011,2011,0,12.679700005769249,12.679700005769249
1988,1988,0,44.91767875292167,44.91767875292167
1999,1999,0,5.044394119358453,5.044394119358453
1980,1984,4,0.0,0.0
1980,2008,28,0.0,0.0
1980,1996,16,0.0,0.0
1980,2005,25,0.0,0.0
1980,2006,26,0.0,0.0
1980,2007,27,0.0,0.0
1980,1997,17,0.0,0.0
1980,2006,26,0.0,0.0
1980,1985,5,0.0,0.0
2001,2001,0,13.176952268336281,13.176952268336281
1980,2015,35,0.0,0.0
1980,2002,22,0.0,0.0
1980,1989,9,0.0,0.0
1987,1986,1,8.784634845557521,8.0
1980,1988,8,0.0,0.0
1980,1986,6,0.0,0.0
1994,1996,2,4.857980995127572,0.0
1980,1996,16,0.0,0.0
1998,1996,2,6.0,0.0
1991,1991,0,16.0,16.0
1980,1980,0,0.0,0.0
1996,1997,1,15.509775004326935,0.0
1980,2012,32,0.0,0.0
2001,2001,0,36.38920595031593,36.38920595031593
1980,2000,20,0.0,0.0
2003,2003,0,126.65973476959635,126.65973476959635
2004,2014,10,33.3594000115385,6.339850002884624
1980,1999,19,0.0,0.0
2002,2001,1,51.86313713864835,0.0
2001,2001,0,102.94151430750219,102.94151430750219
1980,1987,7,0.0,0.0
2011,2011,0,14.339850002884626,14.339850002884626
2001,2002,1,20.756589711823782,0.0
1980,2002,22,0.0,0.0
2014,2015,1,38.90491690160116,25.359400011538497
1980,1992,12,0.0,0.0
1980,2001,21,0.0,0.0
2008,2006,2,4.954196310386875,0.0
1980,1990,10,0.0,0.0
1980,1998,18,0.0,0.0
1980,2002,22,0.0,0.0
1980,1981,1,0.0,0.0
2007,2007,0,69.18863237274596,69.18863237274596
1980,1990,10,0.0,0.0
1980,1980,0,37.529325012980806,37.529325012980806
2010,2010,0,1586.020454351454,1586.020454351454
1983,1983,0,156.0,156.0
2006,2004,2,18.325573370334503,0.0
2004,2004,0,67.3765181293825,67.3765181293825
1980,1984,4,0.0,0.0
2012,2012,0,34.06003210889014,34.06003210889014
2006,2006,0,351.75560363123657,351.75560363123657
1980,2004,24,0.0,0.0
1980,1984,4,0.0,0.0
2008,2008,0,25.48756508066151,25.48756508066151
1980,1980,0,16.0,16.0
2014,2015,1,13.931568569324176,0.0
2009,2009,0,38.039100017307746,38.039100017307746
2005,2013,8,15.062762921032624,11.720671786825557
2005,2013,8,15.062762921032624,11.720671786825557
1980,1983,3,0.0,0.0
1998,1998,0,156.21499122004107,156.21499122004107
2011,2011,0,16.0,16.0
1980,1995,15,0.0,0.0
1980,1982,2,0.0,0.0
1999,1999,0,14.801758872564369,14.801758872564369
1999,1999,0,14.801758872564369,14.801758872564369
2011,2011,0,37.1508495181978,37.1508495181978
1980,1996,16,0.0,0.0
1980,1989,9,0.0,0.0
1980,1981,1,0.0,0.0
1980,1987,7,0.0,0.0
1980,1987,7,0.0,0.0
1980,1987,7,0.0,0.0
2007,2011,4,29.603517745128737,0.0
2002,2001,1,84.06910410365793,0.0
1980,2014,34,0.0,0.0
1980,1993,13,0.0,0.0
1980,2007,27,0.0,0.0
2000,2000,0,32.0,32.0
1980,2009,29,0.0,0.0
2011,2011,0,16.349851365001356,16.349851365001356
1980,2006,26,0.0,0.0
1983,1984,1,13.754887502163466,0.0
1980,1980,0,0.0,0.0
1980,1996,16,0.0,0.0
1980,1987,7,0.0,0.0
1980,2003,23,0.0,0.0
1996,1996,0,32.0,32.0
1980,2014,34,0.0,0.0
1980,2005,25,0.0,0.0
1980,1980,0,0.0,0.0
1980,1981,1,0.0,0.0
1980,1992,12,0.0,0.0
1980,1985,5,0.0,0.0
1980,1986,6,0.0,0.0
1980,1986,6,0.0,0.0
1980,1981,1,0.0,0.0
1984,1984,0,12.679700005769249,12.679700005769249
1987,1987,0,14.801758872564369,14.801758872564369
2001,2001,0,35.13853938223008,35.13853938223008
2002,2002,0,22.20263830884655,22.20263830884655
1985,1985,0,210.9720921628601,210.9720921628601
2000,2000,0,18.5754247590989,18.5754247590989
1990,1990,0,23.445615062339094,23.445615062339094
1993,1993,0,556.8620251010047,556.8620251010047
1993,1993,0,33.98342010754868,33.98342010754868
1990,1995,5,24.0,0.0
1980,1992,12,0.0,0.0
2003,2006,3,10.715104009236168,0.0
2002,2003,1,13.176952268336281,0.0
1985,1985,0,36.0,36.0
1980,1986,6,0.0,0.0
1981,1981,0,23.441343573651114,23.441343573651114
1994,1996,2,23.909119693999667,0.0
2002,2002,0,12.679700005769249,12.679700005769249
2008,2010,2,8.784634845557521,0.0
2002,2003,1,23.424194102175093,0.0
1996,1996,0,16.349851365001356,16.349851365001356
1996,1996,0,16.349851365001356,16.349851365001356
1980,1980,0,0.0,0.0
1992,1992,0,11.229419688230417,11.229419688230417
1983,1983,0,10.378294855911891,10.378294855911891
1980,1980,0,0.0,0.0
2012,2010,2,6.965784284662088,0.0
2003,2012,9,8.784634845557521,0.0
1980,1987,7,0.0,0.0
2004,2006,2,16.67970000576925,0.0
2004,2004,0,15.229419688230415,15.229419688230415
1980,1991,11,0.0,0.0
2010,2012,2,5.20945336562895,0.0
1998,1998,0,4.0,4.0
2000,2000,0,24.849691048901914,24.849691048901914
1980,2014,34,0.0,0.0
1994,1990,4,51.67545294909838,0.0
1980,1985,5,0.0,0.0
1998,2001,3,12.0,0.0
1994,1994,0,16.570685868171037,16.570685868171037
1994,1995,1,16.570685868171037,0.0
1994,1994,0,16.570685868171037,16.570685868171037
2012,2012,0,39.25512476486815,39.25512476486815
1988,1989,1,11.720671786825557,0.0
1986,1986,0,12.679700005769249,12.679700005769249
2004,2014,10,14.457637380991763,11.229419688230417
2000,1999,1,15.62836009688685,15.627562382434075
2000,1999,1,15.62836009688685,15.627562382434075
1980,1990,10,0.0,0.0
1980,1989,9,0.0,0.0
1980,1993,13,0.0,0.0
1980,1988,8,0.0,0.0
2015,2015,0,13.287712379549449,13.287712379549449
1991,1991,0,146.98791144479134,146.98791144479134
1998,1999,1,73.35940001153848,22.57427037217341
1980,1993,13,0.0,0.0
1980,1994,14,0.0,0.0
1980,1992,12,0.0,0.0
1980,1987,7,0.0,0.0
1980,1994,14,0.0,0.0
1989,1989,0,16.67970000576925,16.67970000576925
2006,2006,0,150.56842503028852,150.56842503028852
1991,1991,0,16.67970000576925,16.67970000576925
2005,2005,0,109.48684196024654,109.48684196024654
1980,1983,3,0.0,0.0
2010,2010,0,36.29656585101002,36.29656585101002
1981,1981,0,14.339850002884626,14.339850002884626
2007,2007,0,25.359400011538497,25.359400011538497
1984,1987,3,22.617809780285064,14.801758872564369
1995,1999,4,10.174925682500678,0.0
1983,1983,0,12.679700005769249,12.679700005769249
1991,1992,1,14.264662506490405,0.0
1988,1988,0,16.349851365001356,16.349851365001356
1998,1998,0,24.0,24.0
1980,2000,20,0.0,0.0
1980,1990,10,0.0,0.0
1980,2007,27,0.0,0.0
1987,1987,0,14.862588931160623,14.862588931160623
2005,2008,3,6.303780748177103,0.0
1980,2004,24,0.0,0.0
1980,1999,19,0.0,0.0
1980,1991,11,0.0,0.0
1980,1980,0,35.67545294909838,35.67545294909838
1980,1997,17,0.0,0.0
2002,2002,0,163.2512873594075,163.2512873594075
2011,2011,0,161.9273896550811,161.9273896550811
1980,2000,20,0.0,0.0
1980,1982,2,0.0,0.0
1980,2012,32,0.0,0.0
1990,1990,0,44.405276617693104,44.405276617693104
1980,1994,14,0.0,0.0
1980,1980,0,0.0,0.0
1980,1987,7,0.0,0.0
1999,2000,1,94.88757144927206,44.91767875292167
1981,1981,0,32.69970273000271,32.69970273000271
1980,1990,10,0.0,0.0
1980,1980,0,12.965784284662087,12.965784284662087
2008,2008,0,200.67442283867834,200.67442283867834
1980,1980,0,8.0,8.0
2010,2008,2,5.700439718141093,0.0
1995,1996,1,31.01955000865387,0.0
1995,1995,0,22.458839376460833,22.458839376460833
1980,2000,20,0.0,0.0
2004,2004,0,33.19826757137332,33.19826757137332
1980,1980,0,27.675452949098382,27.675452949098382
1980,1980,0,0.0,0.0
1996,1996,0,46.88268714730222,46.88268714730222
1996,1996,0,152.2941968823042,152.2941968823042
1998,1998,0,156.0,156.0
2010,2014,4,20.5754247590989,0.0
1986,1986,0,8.49585502688717,8.49585502688717
1982,1982,0,24.0,24.0
1983,1986,3,5.357552004618084,0.0
2013,2013,0,10.339850002884624,10.339850002884624
2010,2012,2,17.039272505686426,0.0
2002,2002,0,20.67970000576925,20.67970000576925
2002,2002,0,17.627562382434075,17.627562382434075
2011,2012,1,13.570685868171037,0.0
2007,1982,25,44.405276617693104,0.0
1980,1982,2,0.0,0.0
1980,1982,2,0.0,0.0
1980,1981,1,0.0,0.0
1980,1980,0,0.0,0.0
2012,2006,6,8.339850002884624,0.0
1980,2015,35,0.0,0.0
1980,1987,7,0.0,0.0
1980,1992,12,0.0,0.0
1980,1992,12,0.0,0.0
1980,1985,5,0.0,0.0
2006,2006,0,24.0,24.0
1984,1984,0,19.019550008653873,19.019550008653873
1984,1984,0,19.019550008653873,19.019550008653873
1980,1981,1,0.0,0.0
1985,1985,0,20.756589711823782,20.756589711823782
1980,1986,6,0.0,0.0
2002,2002,0,15.3878490508349,15.3878490508349
1980,1984,4,0.0,0.0
1980,2001,21,0.0,0.0
1980,2013,33,0.0,0.0
1999,1999,0,44.405276617693104,44.405276617693104
1980,1991,11,0.0,0.0
1999,1999,0,16.0,16.0
2011,2011,0,96.0,96.0
1980,1999,19,0.0,0.0
2014,2014,0,8.0,8.0
1980,1980,0,0.0,0.0
1980,2008,28,0.0,0.0
1982,1984,2,30.7756981016698,0.0
1986,1986,0,26.575424759098897,26.575424759098897
2013,2014,1,25.266194298518435,10.339850002884624
2010,2011,1,26.75658971182378,0.0
2010,2010,0,20.608424491560122,20.608424491560122
1980,2004,24,0.0,0.0
1980,1988,8,0.0,0.0
2008,2007,1,114.11730005192325,25.359400011538497
1980,1980,0,0.0,0.0
1980,2001,21,0.0,0.0
2005,2014,9,6.554588851677637,0.0
1980,1988,8,0.0,0.0
1980,2000,20,0.0,0.0
1980,1980,0,0.0,0.0
1980,1982,2,0.0,0.0
1980,2006,26,0.0,0.0
2012,2012,0,9.28771237954945,9.28771237954945
1980,1980,0,0.0,0.0
1980,1999,19,0.0,0.0
2008,2007,1,21.412992036122375,0.0
1980,1996,16,0.0,0.0
1980,1983,3,0.0,0.0
1980,2011,31,0.0,0.0
1980,2005,25,0.0,0.0
1980,2011,31,0.0,0.0
1980,2010,30,0.0,0.0
1980,1983,3,0.0,0.0
1980,1980,0,0.0,0.0
1980,1985,5,0.0,0.0
1980,1995,15,0.0,0.0
1980,1987,7,0.0,0.0
1980,2007,27,0.0,0.0
1980,1995,15,0.0,0.0
1986,1986,0,11.720671786825557,11.720671786825557
1980,1985,5,0.0,0.0
1980,2009,29,0.0,0.0
1980,1980,0,0.0,0.0
1994,1994,0,16.37829485591189,16.37829485591189
1981,1981,0,13.837726474549191,13.837726474549191
1997,1997,0,13.837726474549191,13.837726474549191
1980,1988,8,0.0,0.0
1986,1987,1,11.101319154423274,0.0
1999,2000,1,108.608496712563,0.0
1980,1982,2,0.0,0.0
1990,1990,0,26.575424759098897,26.575424759098897
1980,1984,4,0.0,0.0
1980,2003,23,0.0,0.0
1980,1983,3,0.0,0.0
1991,1991,0,41.3594000115385,41.3594000115385
2003,2004,1,5.523561956057013,0.0
1991,1991,0,13.287712379549449,13.287712379549449
1980,1982,2,0.0,0.0
1981,1981,0,22.458839376460833,22.458839376460833
1980,2011,31,0.0,0.0
1980,1991,11,0.0,0.0
1980,1997,17,0.0,0.0
2004,2006,2,32.1248924118497,28.529325012980813
1988,1988,0,13.287712379549449,13.287712379549449
1980,2012,32,0.0,0.0
1980,1995,15,0.0,0.0
2003,2004,1,12.743782540330756,0.0
1980,1982,2,0.0,0.0
1980,1982,2,0.0,0.0
1980,2009,29,0.0,0.0
1997,1999,2,13.176952268336281,0.0
1980,2001,21,0.0,0.0
1980,1985,5,0.0,0.0
1980,2007,27,0.0,0.0
1980,1986,6,0.0,0.0
1980,1995,15,0.0,0.0
1980,1989,9,0.0,0.0
1980,1989,9,0.0,0.0
1980,1987,7,0.0,0.0
1980,1983,3,0.0,0.0
1999,1999,0,31.019550008653873,31.019550008653873
1980,1995,15,0.0,0.0
2004,1992,12,16.67970000576925,0.0
1980,1991,11,0.0,0.0
1980,1999,19,0.0,0.0
1980,1982,2,14.101319154423276,10.339850002884624
1980,1987,7,0.0,0.0
1980,1982,2,0.0,0.0
2004,1994,10,16.67970000576925,13.837726474549191
1988,1986,2,4.459431618637297,0.0
1980,1980,0,0.0,0.0
2007,2007,0,41.3594000115385,41.3594000115385
2015,2015,0,32.69970273000271,32.69970273000271
1980,2002,22,0.0,0.0
1993,1996,3,23.8167852415475,0.0
1994,1994,0,20.643856189774723,20.643856189774723
2012,2011,1,20.756589711823782,8.0
1992,1992,0,10.339850002884624,10.339850002884624
1980,1997,17,0.0,0.0
1980,1981,1,0.0,0.0
2007,2008,1,10.378294855911891,10.339850002884624
1980,2011,31,0.0,0.0
2001,2001,0,56.14709844115208,56.14709844115208
1980,1997,17,0.0,0.0
1981,1981,0,31.25512476486815,31.25512476486815
1980,1980,0,13.837726474549191,13.837726474549191
1980,1994,14,0.0,0.0
1984,1984,0,44.405276617693104,44.405276617693104
1980,1996,16,0.0,0.0
1980,1992,12,0.0,0.0
1980,1995,15,0.0,0.0
1980,2001,21,0.0,0.0
1980,2000,20,0.0,0.0
1980,2006,26,0.0,0.0
1980,1981,1,0.0,0.0
1980,1980,0,0.0,0.0
1997,1997,0,29.522430659389922,29.522430659389922
1986,1986,0,29.603517745128737,29.603517745128737
1980,1982,2,0.0,0.0
2004,2001,3,6.044394119358453,0.0
1980,1992,12,0.0,0.0
1980,1985,5,0.0,0.0
1980,1984,4,0.0,0.0
1992,1992,0,8.0,8.0
1980,1995,15,0.0,0.0
1980,1995,15,0.0,0.0
1980,1994,14,0.0,0.0
1985,1985,0,6.339850002884624,6.339850002884624
1980,1999,19,0.0,0.0
1980,1999,19,0.0,0.0
1980,1998,18,0.0,0.0
1980,1992,12,0.0,0.0
1980,1980,0,0.0,0.0
1980,1999,19,0.0,0.0
1980,1995,15,0.0,0.0
1980,2004,24,0.0,0.0
1980,1986,6,0.0,0.0
1980,2000,20,0.0,0.0
1980,2001,21,0.0,0.0
2009,2009,0,57.25696196397833,57.25696196397833
1980,1991,11,0.0,0.0
1980,2006,26,0.0,0.0
1998,1998,0,7.754887502163467,7.754887502163467
1980,1983,3,0.0,0.0
1998,1998,0,6.965784284662088,6.965784284662088
1980,2008,28,0.0,0.0
1980,1991,11,0.0,0.0
1980,1996,16,0.0,0.0
1980,2005,25,0.0,0.0
1980,1981,1,0.0,0.0
1982,1982,0,8.0,8.0
1986,1989,3,10.98370619265935,0.0
1980,2008,28,0.0,0.0
1985,1985,0,5.672425341971495,5.672425341971495
1980,1980,0,0.0,0.0
1980,2015,35,0.0,0.0
1980,1998,18,0.0,0.0
1980,1980,0,0.0,0.0
1980,1985,5,0.0,0.0
1980,1996,16,0.0,0.0
1980,1980,0,0.0,0.0
1990,1990,0,9.28771237954945,9.28771237954945
1980,1999,19,0.0,0.0
1980,1980,0,0.0,0.0
2002,2002,0,22.458839376460833,22.458839376460833
1980,2013,33,0.0,0.0
1980,2010,30,0.0,0.0
1980,2014,34,0.0,0.0
1980,1982,2,0.0,0.0
1981,1981,0,24.0,24.0
2002,2002,0,65.72792045456319,65.72792045456319
2010,2011,1,11.455840909126398,0.0
2010,2012,2,11.455840909126398,0.0
1980,1990,10,0.0,0.0
1980,2012,32,0.0,0.0
2005,2005,0,109.39293667703853,109.39293667703853
2002,2003,1,14.422064766172811,0.0
1980,1994,14,0.0,0.0
1982,1982,0,12.0,12.0
2010,2010,0,51.62756238243408,51.62756238243408
1980,1986,6,0.0,0.0
1980,1983,3,0.0,0.0
2012,2010,2,11.861474675125773,0.0
1980,1996,16,0.0,0.0
1980,1989,9,0.0,0.0
1980,2006,26,0.0,0.0
1980,1992,12,0.0,0.0
1980,1986,6,0.0,0.0
1997,1997,0,16.67970000576925,16.67970000576925
2002,2002,0,27.812882363844608,27.812882363844608
1980,2002,22,0.0,0.0
1980,2002,22,0.0,0.0
2014,2014,0,24.0,24.0
1980,2007,27,0.0,0.0
2000,2000,0,46.43856189774725,46.43856189774725
